,날짜,스크린수,스크린점유율,상영횟수,상영점유율,좌석수,좌석점유율,좌석판매율,매출액,매출액증감(전일대비),관객수,관객수증감(전일대비),누적매출액,누적관객수,순위
0,2009-07-29,506,0.183,2695,0.222,529087,0.244,0.194,727591500,693592500 ( 2040.0% ),102817,97535 ( 1846.6% ),835073500,120160,2
1,2009-07-30,505,0.179,2752,0.223,525725,0.239,0.263,969645500,242054000 ( 33.3% ),138160,35343 ( 34.4% ),1804719000,258320,2
2,2009-07-31,534,0.183,2791,0.221,522738,0.232,0.33,1251079000,281433500 ( 29.0% ),172722,34562 ( 25.0% ),3055798000,431042,2
3,2009-08-01,570,0.182,2883,0.218,515618,0.218,0.528,1985581000,734502000 ( 58.7% ),272212,99490 ( 57.6% ),5041379000,703254,2
4,2009-08-02,568,0.184,2790,0.218,494581,0.216,0.506,1847484000,-138097000 ( -7.0% ),250263,-21949 ( -8.1% ),6888863000,953517,2
5,2009-08-03,527,0.183,2685,0.217,479655,0.218,0.371,1260033000,-587451000 ( -31.8% ),177908,-72355 ( -28.9% ),8148896000,1131425,2
6,2009-08-04,522,0.181,2682,0.216,481910,0.218,0.388,1319446500,59413500 ( 4.7% ),187184,9276 ( 5.2% ),9468342500,1318609,2
7,2009-08-05,527,0.168,2536,0.204,435987,0.196,0.376,1154839500,-164607000 ( -12.5% ),163875,-23309 ( -12.5% ),10623182000,1482484,2
8,2009-08-06,466,0.169,2199,0.173,359257,0.158,0.415,1054177500,-100662000 ( -8.7% ),149017,-14858 ( -9.1% ),11677359500,1631501,3
9,2009-08-07,471,0.169,2261,0.173,370397,0.159,0.485,1312835000,258657500 ( 24.5% ),179807,30790 ( 20.7% ),12990194500,1811308,3
10,2009-08-08,535,0.18,2496,0.184,417502,0.173,0.721,2179354500,866519500 ( 66.0% ),300995,121188 ( 67.4% ),15169549000,2112303,2
11,2009-08-09,542,0.181,2446,0.185,418292,0.178,0.676,2062664500,-116690000 ( -5.4% ),282662,-18333 ( -6.1% ),17232213500,2394965,2
12,2009-08-10,496,0.178,2321,0.186,404083,0.181,0.377,1078031500,-984633000 ( -47.7% ),152253,-130409 ( -46.1% ),18310245000,2547218,2
13,2009-08-11,509,0.182,2371,0.189,417755,0.187,0.373,1100353500,22322000 ( 2.1% ),155974,3721 ( 2.4% ),19410598500,2703192,2
14,2009-08-12,458,0.155,2119,0.166,429749,0.19,0.376,1145185500,44832000 ( 4.1% ),161528,5554 ( 3.6% ),20555784000,2864720,2
15,2009-08-13,471,0.157,2076,0.161,423776,0.186,0.372,1100521500,-44664000 ( -3.9% ),157465,-4063 ( -2.5% ),21656305500,3022185,1
16,2009-08-14,485,0.159,2230,0.168,454219,0.194,0.444,1456140500,355619000 ( 32.3% ),201572,44107 ( 28.0% ),23112446000,3223757,1
17,2009-08-15,554,0.169,2575,0.186,529818,0.216,0.718,2738143500,1282003000 ( 88.0% ),380606,179034 ( 88.8% ),25850589500,3604363,1
18,2009-08-16,566,0.176,2516,0.19,521664,0.222,0.637,2417544000,-320599500 ( -11.7% ),332246,-48360 ( -12.7% ),28268133500,3936609,1
19,2009-08-17,482,0.162,2222,0.18,468964,0.214,0.321,1054058500,-1363485500 ( -56.4% ),150637,-181609 ( -54.7% ),29322192000,4087246,1
20,2009-08-18,485,0.162,2241,0.181,475205,0.217,0.315,1040106000,-13952500 ( -1.3% ),149629,-1008 ( -0.7% ),30362298000,4236875,1
21,2009-08-19,476,0.14,2211,0.177,474710,0.215,0.298,988365500,-51740500 ( -5.0% ),141668,-7961 ( -5.3% ),31350663500,4378543,1
22,2009-08-20,430,0.147,1948,0.153,455159,0.201,0.287,914998500,-73367000 ( -7.4% ),130542,-11126 ( -7.9% ),32265662000,4509085,1
23,2009-08-21,447,0.15,2088,0.159,488095,0.21,0.327,1156495000,241496500 ( 26.4% ),159527,28985 ( 22.2% ),33422157000,4668612,1
24,2009-08-22,519,0.16,2467,0.18,569446,0.236,0.598,2444072000,1287577000 ( 111.3% ),340335,180808 ( 113.3% ),35866229000,5008947,1
25,2009-08-23,523,0.161,2404,0.183,554588,0.238,0.547,2201552000,-242520000 ( -9.9% ),303181,-37154 ( -10.9% ),38067781000,5312128,1
26,2009-08-24,460,0.155,2083,0.171,488461,0.225,0.21,723888000,-1477664000 ( -67.1% ),102741,-200440 ( -66.1% ),38791669000,5414869,1
27,2009-08-25,467,0.155,2086,0.174,488529,0.229,0.195,666441000,-57447000 ( -7.9% ),95352,-7389 ( -7.2% ),39458110000,5510221,1
28,2009-08-26,464,0.156,2089,0.176,492895,0.232,0.174,608325000,-58116000 ( -8.7% ),85742,-9610 ( -10.1% ),40066435000,5595963,1
29,2009-08-27,419,0.139,1936,0.16,452904,0.211,0.184,588841500,-19483500 ( -3.2% ),83120,-2622 ( -3.1% ),40655276500,5679083,1
30,2009-08-28,431,0.143,2029,0.164,476537,0.216,0.201,712545500,123704000 ( 21.0% ),95932,12812 ( 15.4% ),41367822000,5775015,1
31,2009-08-29,483,0.146,2271,0.171,532638,0.227,0.454,1760869500,1048324000 ( 147.1% ),242070,146138 ( 152.3% ),43128691500,6017085,1
32,2009-08-30,454,0.142,2144,0.167,507207,0.225,0.483,1769451000,8581500 ( 0.5% ),244815,2745 ( 1.1% ),44898142500,6261900,1
33,2009-08-31,424,0.143,1962,0.171,451826,0.22,0.146,465534500,-1303916500 ( -73.7% ),65914,-178901 ( -73.1% ),45363677000,6327814,1
34,2009-09-01,420,0.143,1949,0.176,450089,0.224,0.132,417286500,-48248000 ( -10.4% ),59552,-6362 ( -9.7% ),45780963500,6387366,1
35,2009-09-02,425,0.146,1949,0.179,446661,0.226,0.12,378675000,-38611500 ( -9.3% ),53391,-6161 ( -10.3% ),46159638500,6440757,1
36,2009-09-03,393,0.148,1826,0.163,419348,0.207,0.119,352772500,-25902500 ( -6.8% ),49836,-3555 ( -6.7% ),46512411000,6490593,1
37,2009-09-04,399,0.148,1944,0.164,448162,0.21,0.142,474032000,121259500 ( 34.4% ),63519,13683 ( 27.5% ),46986443000,6554112,1
38,2009-09-05,442,0.148,2141,0.166,499592,0.218,0.355,1302525500,828493500 ( 174.8% ),177176,113657 ( 178.9% ),48288968500,6731288,1
39,2009-09-06,425,0.147,2033,0.163,477401,0.216,0.387,1336728500,34203000 ( 2.6% ),184789,7613 ( 4.3% ),49625697000,6916077,1
40,2009-09-07,397,0.15,1843,0.171,421573,0.215,0.101,304613000,-1032115500 ( -77.2% ),42692,-142097 ( -76.9% ),49930310000,6958769,1
41,2009-09-08,395,0.149,1818,0.171,416990,0.216,0.097,287223000,-17390000 ( -5.7% ),40409,-2283 ( -5.3% ),50217533000,6999178,1
42,2009-09-09,316,0.118,1470,0.128,313055,0.151,0.116,250386500,-36836500 ( -12.8% ),36310,-4099 ( -10.1% ),50467919500,7035488,1
43,2009-09-10,260,0.1,1202,0.103,249765,0.119,0.103,179719500,-70667000 ( -28.2% ),25767,-10543 ( -29.0% ),50647639000,7061255,3
44,2009-09-11,263,0.1,1275,0.103,260887,0.117,0.14,267385000,87665500 ( 48.8% ),36591,10824 ( 42.0% ),50915024000,7097846,3
45,2009-09-12,320,0.113,1499,0.111,308597,0.128,0.402,879913500,612528500 ( 229.1% ),124121,87530 ( 239.2% ),51794937500,7221967,2
46,2009-09-13,322,0.114,1416,0.109,292878,0.127,0.336,709183000,-170730500 ( -19.4% ),98375,-25746 ( -20.7% ),52504120500,7320342,2
47,2009-09-14,271,0.104,1213,0.108,247570,0.121,0.08,139048500,-570134500 ( -80.4% ),19810,-78565 ( -79.9% ),52643169000,7340152,3
48,2009-09-15,268,0.102,1180,0.106,240684,0.118,0.082,136684000,-2364500 ( -1.7% ),19663,-147 ( -0.7% ),52779853000,7359815,3
49,2009-09-16,262,0.099,1146,0.103,229997,0.114,0.077,124079000,-12605000 ( -9.2% ),17628,-2035 ( -10.3% ),52903932000,7377443,3
50,2009-09-17,253,0.098,1159,0.101,235338,0.112,0.076,124272500,193500 ( 0.2% ),17850,222 ( 1.3% ),53028204500,7395293,4
51,2009-09-18,262,0.101,1228,0.101,248270,0.113,0.089,162220000,37947500 ( 30.5% ),22102,4252 ( 23.8% ),53190424500,7417395,3
52,2009-09-19,293,0.103,1384,0.104,283783,0.119,0.218,443360000,281140000 ( 173.3% ),61769,39667 ( 179.5% ),53633784500,7479164,2
53,2009-09-20,282,0.103,1304,0.102,266776,0.117,0.215,412112500,-31247500 ( -7.0% ),57339,-4430 ( -7.2% ),54045897000,7536503,2
54,2009-09-21,254,0.099,1123,0.101,224514,0.111,0.063,98571500,-313541000 ( -76.1% ),14121,-43218 ( -75.4% ),54144468500,7550624,3
55,2009-09-22,258,0.1,1119,0.102,222598,0.111,0.058,90542000,-8029500 ( -8.1% ),12974,-1147 ( -8.1% ),54235010500,7563598,3
56,2009-09-23,258,0.1,1107,0.101,219642,0.11,0.056,86699500,-3842500 ( -4.2% ),12201,-773 ( -6.0% ),54321710000,7575799,3
57,2009-09-24,214,0.082,796,0.07,109875,0.053,0.068,52652000,-34047500 ( -39.3% ),7507,-4694 ( -38.5% ),54374362000,7583306,5
58,2009-09-25,214,0.081,846,0.07,116473,0.053,0.096,80404000,27752000 ( 52.7% ),11124,3617 ( 48.2% ),54454766000,7594430,5
59,2009-09-26,219,0.079,886,0.068,122291,0.052,0.273,233627500,153223500 ( 190.6% ),33388,22264 ( 200.1% ),54688393500,7627818,5
60,2009-09-27,221,0.08,828,0.066,115240,0.052,0.275,227279000,-6348500 ( -2.7% ),31661,-1727 ( -5.2% ),54915672500,7659479,5
61,2009-09-28,218,0.083,754,0.066,103327,0.05,0.074,52483000,-174796000 ( -76.9% ),7616,-24045 ( -75.9% ),54968155500,7667095,5
62,2009-09-29,217,0.081,751,0.065,104182,0.05,0.073,51713500,-769500 ( -1.5% ),7635,19 ( 0.2% ),55019869000,7674730,7
63,2009-09-30,211,0.078,782,0.067,107523,0.051,0.094,69738000,18024500 ( 34.9% ),10159,2524 ( 33.1% ),55089607000,7684889,7
64,2009-10-01,189,0.072,588,0.043,83513,0.034,0.212,121834500,52096500 ( 74.7% ),17745,7586 ( 74.7% ),55211441500,7702634,8
65,2009-10-02,201,0.073,631,0.045,90300,0.036,0.398,261076500,139242000 ( 114.3% ),35897,18152 ( 102.3% ),55472518000,7738531,7
66,2009-10-03,231,0.082,717,0.051,107096,0.043,0.55,439657000,178580500 ( 68.4% ),58913,23016 ( 64.1% ),55912175000,7797444,5
67,2009-10-04,241,0.084,732,0.053,110992,0.045,0.53,431861000,-7796000 ( -1.8% ),58880,-33 ( -0.1% ),56344036000,7856324,5
68,2009-10-05,208,0.077,649,0.049,96984,0.042,0.35,226289500,-205571500 ( -47.6% ),33974,-24906 ( -42.3% ),56570325500,7890298,5
69,2009-10-06,195,0.074,565,0.046,83007,0.038,0.083,47690500,-178599000 ( -78.9% ),6853,-27121 ( -79.8% ),56618016000,7897151,8
70,2009-10-07,188,0.066,554,0.046,81589,0.038,0.071,40337500,-7353000 ( -15.4% ),5822,-1031 ( -15.0% ),56658353500,7902973,9
71,2009-10-08,151,0.055,450,0.037,62046,0.028,0.071,30912000,-9425500 ( -23.4% ),4412,-1410 ( -24.2% ),56689265500,7907385,10
72,2009-10-09,151,0.055,485,0.038,65923,0.029,0.096,45199000,14287000 ( 46.2% ),6298,1886 ( 42.7% ),56734464500,7913683,10
73,2009-10-10,152,0.053,543,0.04,77121,0.032,0.294,158071500,112872500 ( 249.7% ),22692,16394 ( 260.3% ),56892536000,7936375,7
74,2009-10-11,156,0.055,521,0.04,74436,0.032,0.259,136457000,-21614500 ( -13.7% ),19255,-3437 ( -15.1% ),57028993000,7955630,7
75,2009-10-12,147,0.054,460,0.04,66164,0.032,0.067,30995000,-105462000 ( -77.3% ),4453,-14802 ( -76.9% ),57059988000,7960083,9
76,2009-10-13,146,0.054,432,0.038,62557,0.031,0.059,25666000,-5329000 ( -17.2% ),3709,-744 ( -16.7% ),57085654000,7963792,10
77,2009-10-14,147,0.054,438,0.039,64131,0.031,0.063,27878500,2212500 ( 8.6% ),4027,318 ( 8.6% ),57113532500,7967819,10
78,2009-10-15,123,0.046,323,0.028,45688,0.022,0.09,25923500,-1955000 ( -7.0% ),4130,103 ( 2.6% ),57139456000,7971949,10
79,2009-10-16,122,0.045,363,0.03,50244,0.023,0.075,26380000,456500 ( 1.8% ),3786,-344 ( -8.3% ),57165836000,7975735,10
80,2009-10-17,140,0.047,430,0.032,59687,0.025,0.228,94397000,68017000 ( 257.8% ),13599,9813 ( 259.2% ),57260233000,7989334,10
81,2009-10-18,142,0.05,414,0.032,57756,0.025,0.224,91058000,-3339000 ( -3.5% ),12963,-636 ( -4.7% ),57351291000,8002297,10
82,2009-10-19,128,0.048,334,0.029,45589,0.022,0.056,17369500,-73688500 ( -80.9% ),2561,-10402 ( -80.2% ),57368660500,8004858,10
83,2009-10-20,127,0.047,325,0.029,44050,0.022,0.064,19671500,2302000 ( 13.3% ),2838,277 ( 10.8% ),57388332000,8007696,10
84,2009-10-21,127,0.047,331,0.03,48190,0.024,0.077,23883000,4211500 ( 21.4% ),3710,872 ( 30.7% ),57412215000,8011406,10
85,2009-10-22,63,0.023,125,0.012,18670,0.01,0.057,6984500,-16898500 ( -70.8% ),1055,-2655 ( -71.6% ),57419199500,8012461,14
86,2009-10-23,64,0.023,139,0.012,19897,0.01,0.069,9649500,2665000 ( 38.2% ),1366,311 ( 29.5% ),57428849000,8013827,15
87,2009-10-24,76,0.025,189,0.015,28216,0.013,0.191,36378500,26729000 ( 277.0% ),5379,4013 ( 293.8% ),57465227500,8019206,12
88,2009-10-25,77,0.026,183,0.015,26925,0.013,0.174,33047000,-3331500 ( -9.2% ),4687,-692 ( -12.9% ),57498274500,8023893,12
89,2009-10-26,62,0.023,130,0.013,19569,0.01,0.045,6131500,-26915500 ( -81.4% ),884,-3803 ( -81.1% ),57504406000,8024777,15
90,2009-10-27,58,0.021,126,0.012,19172,0.01,0.046,5942500,-189000 ( -3.1% ),875,-9 ( -1.0% ),57510348500,8025652,15
91,2009-10-28,42,0.015,77,0.007,10974,0.006,0.084,5031000,-911500 ( -15.3% ),926,51 ( 5.8% ),57515379500,8026578,14
92,2009-10-29,26,0.01,49,0.005,6355,0.003,0.059,2037000,-2994000 ( -59.5% ),378,-548 ( -59.2% ),57517416500,8026956,18
93,2009-10-30,27,0.01,55,0.005,7033,0.004,0.052,2389000,352000 ( 17.3% ),364,-14 ( -3.7% ),57519805500,8027320,20
94,2009-10-31,40,0.014,84,0.007,10996,0.005,0.144,11263500,8874500 ( 371.5% ),1578,1214 ( 333.5% ),57531069000,8028898,15
95,2009-11-01,37,0.014,84,0.007,11285,0.005,0.188,14958500,3695000 ( 32.8% ),2122,544 ( 34.5% ),57546027500,8031020,12
96,2009-11-02,26,0.01,55,0.005,7293,0.004,0.041,1959500,-12999000 ( -86.9% ),298,-1824 ( -86.0% ),57547987000,8031318,18
97,2009-11-03,26,0.01,50,0.005,6546,0.004,0.051,2215000,255500 ( 13.0% ),331,33 ( 11.1% ),57550202000,8031649,17
98,2009-11-04,26,0.01,51,0.005,6684,0.004,0.049,2190500,-24500 ( -1.1% ),330,-1 ( -0.3% ),57552392500,8031979,19
