,날짜,스크린수,스크린점유율,상영횟수,상영점유율,좌석수,좌석점유율,좌석판매율,매출액,매출액증감(전일대비),관객수,관객수증감(전일대비),누적매출액,누적관객수,순위
0,2018-10-31,811,0.136,2937,0.162,497769,0.175,0.222,760190950,756095950 ( 18463.9% ),110477,109922 ( 19805.8% ),835132950,120498,2
1,2018-11-01,777,0.135,3018,0.172,527329,0.19,0.124,565879350,-194311600 ( -25.6% ),65472,-45005 ( -40.7% ),1401012300,185970,2
2,2018-11-02,838,0.142,3227,0.178,564020,0.197,0.177,948085902,382206552 ( 67.5% ),99555,34083 ( 52.1% ),2349098202,285525,2
3,2018-11-03,910,0.145,3602,0.189,613373,0.205,0.359,2083926361,1135840459 ( 119.8% ),219900,120345 ( 120.9% ),4433024563,505425,2
4,2018-11-04,936,0.151,3662,0.197,626963,0.215,0.325,1902230050,-181696311 ( -8.7% ),203898,-16002 ( -7.3% ),6335254613,709323,2
5,2018-11-05,882,0.162,3584,0.213,621820,0.232,0.129,685354050,-1216876000 ( -64.0% ),80136,-123762 ( -60.7% ),7020608663,789459,2
6,2018-11-06,898,0.162,3631,0.217,628457,0.235,0.135,723283150,37929100 ( 5.5% ),85040,4904 ( 6.1% ),7743891813,874499,2
7,2018-11-07,874,0.169,3477,0.201,596490,0.217,0.151,766841400,43558250 ( 6.0% ),89874,4834 ( 5.7% ),8510733213,964373,2
8,2018-11-08,891,0.159,3383,0.195,581043,0.211,0.163,806737250,39895850 ( 5.2% ),94697,4823 ( 5.4% ),9317470463,1059070,2
9,2018-11-09,960,0.168,3725,0.208,633476,0.223,0.237,1401045537,594308287 ( 73.7% ),150117,55420 ( 58.5% ),10718516000,1209187,2
10,2018-11-10,1040,0.173,4312,0.227,721578,0.242,0.447,2998080301,1597034764 ( 114.0% ),322326,172209 ( 114.7% ),13716596301,1531513,2
11,2018-11-11,1098,0.181,4383,0.235,730381,0.25,0.427,2871375300,-126705001 ( -4.2% ),311652,-10674 ( -3.3% ),16587971601,1843165,2
12,2018-11-12,1002,0.194,4195,0.249,717646,0.267,0.152,930124000,-1941251300 ( -67.6% ),109370,-202282 ( -64.9% ),17518095601,1952535,2
13,2018-11-13,1018,0.19,4235,0.251,717606,0.267,0.166,1002547950,72423950 ( 7.8% ),119031,9661 ( 8.8% ),18520643551,2071566,1
14,2018-11-14,735,0.155,2812,0.165,400892,0.15,0.297,970597550,-31950400 ( -3.2% ),119169,138 ( 0.1% ),19491241101,2190735,2
15,2018-11-15,807,0.143,2595,0.149,368399,0.134,0.356,1037072950,66475400 ( 6.8% ),131138,11969 ( 10.0% ),20528314051,2321873,2
16,2018-11-16,888,0.16,3054,0.174,446681,0.162,0.382,1523160660,486087710 ( 46.9% ),170462,39324 ( 30.0% ),22051474711,2492335,2
17,2018-11-17,1105,0.18,3818,0.208,569900,0.198,0.573,2950351360,1427190700 ( 93.7% ),326368,155906 ( 91.5% ),25001826071,2818703,2
18,2018-11-18,1179,0.192,4057,0.227,610200,0.218,0.523,2865565300,-84786060 ( -2.9% ),319315,-7053 ( -2.2% ),27867391371,3138018,2
19,2018-11-19,1048,0.202,4137,0.251,666823,0.257,0.203,1103435350,-1762129950 ( -61.5% ),135596,-183719 ( -57.5% ),28970826721,3273614,1
20,2018-11-20,1109,0.202,4289,0.26,700394,0.269,0.186,1053530350,-49905000 ( -4.5% ),130475,-5121 ( -3.8% ),30024357071,3404089,1
21,2018-11-21,1164,0.222,4866,0.296,848788,0.328,0.181,1227310550,173780200 ( 16.5% ),153271,22796 ( 17.5% ),31251667621,3557360,1
22,2018-11-22,1026,0.189,4061,0.237,729360,0.27,0.181,1071685650,-155624900 ( -12.7% ),131665,-21606 ( -14.1% ),32323353271,3689025,2
23,2018-11-23,1054,0.191,4344,0.246,787804,0.283,0.241,1699394218,627708568 ( 58.6% ),189644,57979 ( 44.0% ),34022747489,3878669,1
24,2018-11-24,1136,0.196,5013,0.27,912371,0.314,0.433,3612363296,1912969078 ( 112.6% ),395504,205860 ( 108.6% ),37635110785,4274173,1
25,2018-11-25,1121,0.195,4946,0.272,901665,0.317,0.411,3331716050,-280647246 ( -7.8% ),370278,-25226 ( -6.4% ),40966826835,4644451,1
26,2018-11-26,1062,0.207,4594,0.273,841989,0.316,0.161,1096676600,-2235039450 ( -67.1% ),135951,-234327 ( -63.3% ),42063503435,4780402,1
27,2018-11-27,1119,0.204,4365,0.268,798179,0.31,0.165,1048715350,-47961250 ( -4.4% ),131835,-4116 ( -3.0% ),43112218785,4912237,1
28,2018-11-28,928,0.161,3408,0.192,585833,0.208,0.346,1306567050,257851700 ( 24.6% ),202908,71073 ( 53.9% ),44418785835,5115145,2
29,2018-11-29,896,0.157,3423,0.192,592140,0.21,0.215,1020031800,-286535250 ( -21.9% ),127482,-75426 ( -37.2% ),45438817635,5242627,2
30,2018-11-30,998,0.171,3861,0.212,660094,0.229,0.279,1614687854,594656054 ( 58.3% ),184033,56551 ( 44.4% ),47053505489,5426660,2
31,2018-12-01,1093,0.181,4725,0.25,809564,0.272,0.405,2996655884,1381968030 ( 85.6% ),328050,144017 ( 78.3% ),50050161373,5754710,2
32,2018-12-02,1103,0.184,4706,0.253,805542,0.276,0.363,2642813900,-353841984 ( -11.8% ),292238,-35812 ( -10.9% ),52692975273,6046948,2
33,2018-12-03,1033,0.189,4348,0.25,756931,0.274,0.148,905280650,-1737533250 ( -65.7% ),111720,-180518 ( -61.8% ),53598255923,6158668,2
34,2018-12-04,1060,0.185,4366,0.25,756099,0.273,0.151,911587800,6307150 ( 0.7% ),114000,2280 ( 2.0% ),54509843723,6272668,2
35,2018-12-05,845,0.158,3398,0.189,585758,0.206,0.164,782250700,-129337100 ( -14.2% ),96185,-17815 ( -15.6% ),55292094423,6368853,3
36,2018-12-06,832,0.137,3148,0.172,544542,0.189,0.173,756668450,-25582250 ( -3.3% ),94068,-2117 ( -2.2% ),56048762873,6462921,3
37,2018-12-07,891,0.145,3295,0.176,560930,0.19,0.218,1095328773,338660323 ( 44.8% ),122108,28040 ( 29.8% ),57144091646,6585029,3
38,2018-12-08,953,0.147,3735,0.188,633369,0.203,0.396,2283092918,1187764145 ( 108.4% ),250812,128704 ( 105.4% ),59427184564,6835841,2
39,2018-12-09,965,0.149,3726,0.19,633258,0.206,0.354,2029782750,-253310168 ( -11.1% ),224342,-26470 ( -10.6% ),61456967314,7060183,2
40,2018-12-10,914,0.151,3472,0.195,597721,0.211,0.131,627936850,-1401845900 ( -69.1% ),78044,-146298 ( -65.2% ),62084904164,7138227,2
41,2018-12-11,934,0.148,3485,0.194,593394,0.209,0.141,663764850,35828000 ( 5.7% ),83529,5485 ( 7.0% ),62748669014,7221756,2
42,2018-12-12,845,0.142,3082,0.171,541402,0.189,0.153,660970450,-2794400 ( -0.4% ),82993,-536 ( -0.6% ),63409639464,7304749,2
43,2018-12-13,844,0.132,3074,0.171,543879,0.191,0.154,670375450,9405000 ( 1.4% ),83962,969 ( 1.2% ),64080014914,7388711,2
44,2018-12-14,917,0.133,3299,0.178,572260,0.196,0.199,1005999400,335623950 ( 50.1% ),114156,30194 ( 36.0% ),65086014314,7502867,1
45,2018-12-15,1004,0.136,3678,0.186,646217,0.209,0.351,2046307000,1040307600 ( 103.4% ),227048,112892 ( 98.9% ),67132321314,7729915,1
46,2018-12-16,979,0.135,3632,0.188,639564,0.211,0.332,1908219500,-138087500 ( -6.7% ),212584,-14464 ( -6.4% ),69040540814,7942499,1
47,2018-12-17,938,0.155,3588,0.204,637701,0.229,0.124,633497200,-1274722300 ( -66.8% ),79174,-133410 ( -62.8% ),69674038014,8021673,1
48,2018-12-18,972,0.149,3610,0.203,634494,0.226,0.137,687395500,53898300 ( 8.5% ),86685,7511 ( 9.5% ),70361433514,8108358,1
49,2018-12-19,546,0.086,1118,0.065,154037,0.057,0.283,345263450,-342132050 ( -49.8% ),43581,-43104 ( -49.7% ),70706696964,8151939,4
50,2018-12-20,567,0.088,1165,0.068,157883,0.059,0.281,355543850,10280400 ( 3.0% ),44439,858 ( 2.0% ),71062240814,8196378,4
51,2018-12-21,635,0.097,1374,0.078,188586,0.068,0.312,518592750,163048900 ( 45.9% ),58848,14409 ( 32.4% ),71580833564,8255226,4
52,2018-12-22,713,0.103,1646,0.087,228496,0.078,0.519,1083716600,565123850 ( 109.0% ),118557,59709 ( 101.5% ),72664550164,8373783,4
53,2018-12-23,747,0.107,1769,0.094,249651,0.085,0.514,1165962200,82245600 ( 7.6% ),128343,9786 ( 8.3% ),73830512364,8502126,4
54,2018-12-24,784,0.106,1784,0.093,248647,0.083,0.482,974195300,-191766900 ( -16.4% ),119923,-8420 ( -6.6% ),74804707664,8622049,3
55,2018-12-25,687,0.093,1545,0.077,217166,0.069,0.663,1295938800,321743500 ( 33.0% ),143949,24026 ( 20.0% ),76100646464,8765998,6
56,2018-12-26,551,0.083,1135,0.061,152070,0.052,0.353,373959650,-921979150 ( -71.1% ),53678,-90271 ( -62.7% ),76474606114,8819676,5
57,2018-12-27,595,0.089,1259,0.068,176543,0.061,0.239,344282000,-29677650 ( -7.9% ),42277,-11401 ( -21.2% ),76818888114,8861953,4
58,2018-12-28,636,0.092,1411,0.075,194850,0.066,0.269,475833308,131551308 ( 38.2% ),52379,10102 ( 23.9% ),77294721422,8914332,4
59,2018-12-29,675,0.092,1538,0.078,218143,0.071,0.439,874750873,398917565 ( 83.8% ),95696,43317 ( 82.7% ),78169472295,9010028,4
60,2018-12-30,674,0.093,1594,0.082,225892,0.075,0.479,982429250,107678377 ( 12.3% ),108106,12410 ( 13.0% ),79151901545,9118134,4
61,2018-12-31,684,0.099,1760,0.091,251890,0.084,0.423,858538800,-123890450 ( -12.6% ),106448,-1658 ( -1.5% ),80010440345,9224582,4
62,2019-01-01,732,0.102,1872,0.096,276693,0.092,0.491,1236738450,378199650 ( 44.1% ),135879,29431 ( 27.6% ),81247178795,9360461,3
63,2019-01-02,693,0.102,1836,0.1,276768,0.097,0.148,330326950,-906411500 ( -73.3% ),40954,-94925 ( -69.9% ),81577505745,9401415,3
64,2019-01-03,652,0.093,1711,0.093,262074,0.091,0.125,267494700,-62832250 ( -19.0% ),32889,-8065 ( -19.7% ),81845000445,9434304,4
65,2019-01-04,657,0.094,1828,0.097,281443,0.096,0.137,351188900,83694200 ( 31.3% ),38528,5639 ( 17.1% ),82196189345,9472832,3
66,2019-01-05,708,0.091,1828,0.094,279070,0.092,0.267,683046150,331857250 ( 94.5% ),74552,36024 ( 93.5% ),82879235495,9547384,3
67,2019-01-06,701,0.09,1788,0.094,274699,0.093,0.229,570969800,-112076350 ( -16.4% ),63005,-11547 ( -15.5% ),83450205295,9610389,3
68,2019-01-07,635,0.094,1803,0.102,275630,0.1,0.095,213124500,-357845300 ( -62.7% ),26315,-36690 ( -58.2% ),83663329795,9636704,3
69,2019-01-08,653,0.094,1807,0.102,276481,0.1,0.103,229529100,16404600 ( 7.7% ),28415,2100 ( 8.0% ),83892858895,9665119,3
70,2019-01-09,517,0.085,1135,0.064,161152,0.058,0.118,155566300,-73962800 ( -32.2% ),18969,-9446 ( -33.2% ),84048425195,9684088,5
71,2019-01-10,511,0.076,995,0.054,142641,0.05,0.12,141139500,-14426800 ( -9.3% ),17054,-1915 ( -10.1% ),84189564695,9701142,6
72,2019-01-11,521,0.076,974,0.052,140945,0.048,0.138,178498150,37358650 ( 26.5% ),19441,2387 ( 14.0% ),84368062845,9720583,6
73,2019-01-12,502,0.071,930,0.047,125858,0.041,0.279,325379510,146881360 ( 82.3% ),35064,15623 ( 80.4% ),84693442355,9755647,6
74,2019-01-13,504,0.072,911,0.048,124983,0.042,0.24,277610030,-47769480 ( -14.7% ),30032,-5032 ( -14.4% ),84971052385,9785679,6
75,2019-01-14,490,0.077,931,0.052,130830,0.047,0.096,102923270,-174686760 ( -62.9% ),12508,-17524 ( -58.4% ),85073975655,9798187,5
76,2019-01-15,505,0.077,950,0.053,134345,0.048,0.1,110978000,8054730 ( 7.8% ),13438,930 ( 7.4% ),85184953655,9811625,5
77,2019-01-16,324,0.046,554,0.031,79004,0.028,0.118,77700940,-33277060 ( -30.0% ),9316,-4122 ( -30.7% ),85262654595,9820941,9
78,2019-01-17,241,0.033,332,0.018,44893,0.016,0.155,56880690,-20820250 ( -26.8% ),6954,-2362 ( -25.4% ),85319535285,9827895,10
79,2019-01-18,272,0.037,379,0.021,51347,0.018,0.166,77849680,20968990 ( 36.9% ),8529,1575 ( 22.6% ),85397384965,9836424,8
80,2019-01-19,285,0.037,446,0.023,58733,0.019,0.275,150645160,72795480 ( 93.5% ),16174,7645 ( 89.6% ),85548030125,9852598,9
81,2019-01-20,291,0.038,444,0.023,59188,0.02,0.24,130942330,-19702830 ( -13.1% ),14212,-1962 ( -12.1% ),85678972455,9866810,9
82,2019-01-21,304,0.044,532,0.031,75218,0.028,0.099,52915610,-78026720 ( -59.6% ),7459,-6753 ( -47.5% ),85731888065,9874269,6
83,2019-01-22,324,0.045,555,0.032,78753,0.029,0.106,59121340,6205730 ( 11.7% ),8363,904 ( 12.1% ),85791009405,9882632,6
84,2019-01-23,228,0.037,342,0.019,44299,0.015,0.114,35812660,-23308680 ( -39.4% ),5036,-3327 ( -39.8% ),85826822065,9887668,7
85,2019-01-24,218,0.035,305,0.017,40342,0.014,0.146,40614490,4801830 ( 13.4% ),5890,854 ( 17.0% ),85867436555,9893558,6
86,2019-01-25,212,0.034,305,0.016,39422,0.013,0.128,36732850,-3881640 ( -9.6% ),5062,-828 ( -14.1% ),85904169405,9898620,7
87,2019-01-26,186,0.028,264,0.013,33166,0.011,0.199,49658570,12925720 ( 35.2% ),6607,1545 ( 30.5% ),85953827975,9905227,11
88,2019-01-27,186,0.029,255,0.013,32508,0.011,0.169,40955850,-8702720 ( -17.5% ),5479,-1128 ( -17.1% ),85994783825,9910706,12
89,2019-01-28,200,0.034,291,0.016,37745,0.013,0.109,27783180,-13172670 ( -32.2% ),4122,-1357 ( -24.8% ),86022567005,9914828,8
90,2019-01-29,207,0.034,300,0.016,39686,0.014,0.143,36896940,9113760 ( 32.8% ),5666,1544 ( 37.5% ),86059463945,9920494,6
