,날짜,스크린수,스크린점유율,상영횟수,상영점유율,좌석수,좌석점유율,좌석판매율,매출액,매출액증감(전일대비),관객수,관객수증감(전일대비),누적매출액,누적관객수,순위
0,2009-07-16,14,0.005,19,0.002,3919,0.002,1.048,25768000,25768000 ( 100.0% ),4109,4109 ( 100.0% ),25768000,4109,8
1,2009-07-17,9,0.003,11,0.001,2567,0.001,0.752,15448000,-10320000 ( -40.0% ),1931,-2178 ( -53.0% ),41216000,6040,9
2,2009-07-18,11,0.004,16,0.001,3928,0.002,0.958,26334000,10886000 ( 70.5% ),3762,1831 ( 94.8% ),67550000,9802,9
3,2009-07-20,14,0.005,14,0.001,2941,0.002,0.946,16698000,16698000 ( 100.0% ),2783,2783 ( 100.0% ),84248000,12585,9
4,2009-07-21,12,0.004,12,0.001,2550,0.001,0.907,14480000,-2218000 ( -13.3% ),2314,-469 ( -16.9% ),98728000,14899,9
5,2009-07-22,537,0.206,3116,0.275,679117,0.333,0.251,1208362000,1193882000 ( 8245.0% ),170700,168386 ( 7276.8% ),1307090000,185599,1
6,2009-07-23,580,0.228,3238,0.286,714154,0.351,0.375,1869390500,661028500 ( 54.7% ),267500,96800 ( 56.7% ),3176480500,453099,1
7,2009-07-24,619,0.237,3479,0.294,766112,0.362,0.406,2257056500,387666000 ( 20.7% ),310756,43256 ( 16.2% ),5433537000,763855,1
8,2009-07-25,727,0.258,4048,0.325,870966,0.392,0.704,4397179000,2140122500 ( 94.8% ),612950,302194 ( 97.2% ),9830716000,1376805,1
9,2009-07-26,754,0.266,4008,0.333,861506,0.401,0.718,4451706500,54527500 ( 1.2% ),618333,5383 ( 0.9% ),14282422500,1995138,1
10,2009-07-27,625,0.236,3460,0.306,770976,0.38,0.371,2022682500,-2429024000 ( -54.6% ),285834,-332499 ( -53.8% ),16305105000,2280972,1
11,2009-07-28,637,0.239,3482,0.308,777983,0.383,0.375,2053435500,30753000 ( 1.5% ),291481,5647 ( 2.0% ),18358540500,2572453,1
12,2009-07-29,615,0.222,3354,0.276,735569,0.339,0.418,2153836000,100400500 ( 4.9% ),307646,16165 ( 5.5% ),20512376500,2880099,1
13,2009-07-30,623,0.22,3419,0.277,756942,0.344,0.433,2276734500,122898500 ( 5.7% ),327569,19923 ( 6.5% ),22789111000,3207668,1
14,2009-07-31,666,0.228,3624,0.287,798131,0.354,0.483,2754067000,477332500 ( 21.0% ),385564,57995 ( 17.7% ),25543178000,3593232,1
15,2009-08-01,764,0.244,4197,0.317,920834,0.389,0.681,4545750500,1791683500 ( 65.1% ),627454,241890 ( 62.7% ),30088928500,4220686,1
16,2009-08-02,748,0.243,4066,0.317,892923,0.39,0.644,4208056500,-337694000 ( -7.4% ),575122,-52332 ( -8.3% ),34296985000,4795808,1
17,2009-08-03,654,0.227,3630,0.294,814943,0.37,0.473,2721502000,-1486554500 ( -35.3% ),385395,-189727 ( -33.0% ),37018487000,5181203,1
18,2009-08-04,651,0.226,3653,0.295,814049,0.369,0.454,2598140500,-123361500 ( -4.5% ),369242,-16153 ( -4.2% ),39616627500,5550445,1
19,2009-08-05,637,0.203,3510,0.283,784384,0.353,0.416,2294292000,-303848500 ( -11.7% ),326269,-42973 ( -11.6% ),41910919500,5876714,1
20,2009-08-06,572,0.207,3304,0.26,717956,0.316,0.385,1950879500,-343412500 ( -15.0% ),276660,-49609 ( -15.2% ),43861799000,6153374,1
21,2009-08-07,582,0.208,3400,0.261,739799,0.318,0.413,2229586500,278707000 ( 14.3% ),305591,28931 ( 10.5% ),46091385500,6458965,1
22,2009-08-08,633,0.213,3651,0.269,791268,0.327,0.638,3637939000,1408352500 ( 63.2% ),504812,199221 ( 65.2% ),49729324500,6963777,1
23,2009-08-09,639,0.213,3556,0.269,769104,0.327,0.603,3355891000,-282048000 ( -7.8% ),463400,-41412 ( -8.2% ),53085215500,7427177,1
24,2009-08-10,558,0.2,3252,0.26,710638,0.318,0.273,1372032500,-1983858500 ( -59.1% ),193753,-269647 ( -58.2% ),54457248000,7620930,1
25,2009-08-11,560,0.2,3262,0.26,712739,0.319,0.276,1390200500,18168000 ( 1.3% ),196884,3131 ( 1.6% ),55847448500,7817814,1
26,2009-08-12,504,0.17,2588,0.203,565367,0.25,0.314,1255747500,-134453000 ( -9.7% ),177311,-19573 ( -9.9% ),57103196000,7995125,1
27,2009-08-13,503,0.167,2521,0.196,558432,0.245,0.277,1080452000,-175295500 ( -14.0% ),154750,-22561 ( -12.7% ),58183648000,8149875,2
28,2009-08-14,506,0.166,2658,0.201,592534,0.252,0.306,1317395500,236943500 ( 21.9% ),181411,26661 ( 17.2% ),59501043500,8331286,2
29,2009-08-15,543,0.165,2900,0.21,633729,0.259,0.59,2702725000,1385329500 ( 105.2% ),374128,192717 ( 106.2% ),62203768500,8705414,2
30,2009-08-16,534,0.166,2776,0.209,608541,0.259,0.504,2236699500,-466025500 ( -17.2% ),306939,-67189 ( -18.0% ),64440468000,9012353,2
31,2009-08-17,489,0.164,2514,0.203,551450,0.252,0.214,827326500,-1409373000 ( -63.0% ),117995,-188944 ( -61.6% ),65267794500,9130348,2
32,2009-08-18,492,0.164,2515,0.204,552335,0.252,0.202,779175500,-48151000 ( -5.8% ),111628,-6367 ( -5.4% ),66046970000,9241976,2
33,2009-08-19,448,0.132,2331,0.186,505004,0.228,0.193,680451500,-98724000 ( -12.7% ),97540,-14088 ( -12.6% ),66727421500,9339516,2
34,2009-08-20,357,0.122,1893,0.149,410177,0.181,0.214,615170000,-65281500 ( -9.6% ),87797,-9743 ( -10.0% ),67342591500,9427313,2
35,2009-08-21,370,0.124,1994,0.152,420363,0.181,0.232,707176500,92006500 ( 15.0% ),97510,9713 ( 11.1% ),68049768000,9524823,2
36,2009-08-22,431,0.133,2234,0.163,462461,0.192,0.474,1584776000,877599500 ( 124.1% ),218989,121479 ( 124.6% ),69634544000,9743812,2
37,2009-08-23,431,0.132,2148,0.163,444543,0.191,0.449,1453930000,-130846000 ( -8.3% ),199566,-19423 ( -8.9% ),71088474000,9943378,2
38,2009-08-24,382,0.129,1956,0.16,405993,0.187,0.188,538901000,-915029000 ( -62.9% ),76434,-123132 ( -61.7% ),71627375000,10019812,2
39,2009-08-25,389,0.129,1946,0.162,402992,0.189,0.176,496483500,-42417500 ( -7.9% ),70953,-5481 ( -7.2% ),72123858500,10090765,2
40,2009-08-26,391,0.131,1942,0.163,400564,0.189,0.147,416456500,-80027000 ( -16.1% ),59018,-11935 ( -16.8% ),72540315000,10149783,2
41,2009-08-27,326,0.108,1754,0.145,353363,0.165,0.16,398295500,-18161000 ( -4.4% ),56435,-2583 ( -4.4% ),72938610500,10206218,2
42,2009-08-28,341,0.113,1842,0.149,371055,0.168,0.166,456332000,58036500 ( 14.6% ),61681,5246 ( 9.3% ),73394942500,10267899,2
43,2009-08-29,377,0.114,1994,0.15,404974,0.173,0.378,1126356500,670024500 ( 146.8% ),153175,91494 ( 148.3% ),74521299000,10421074,2
44,2009-08-30,368,0.115,1908,0.149,388557,0.172,0.42,1188447500,62091000 ( 5.5% ),163197,10022 ( 6.5% ),75709746500,10584271,2
45,2009-08-31,337,0.113,1769,0.154,355950,0.173,0.12,300147000,-888300500 ( -74.7% ),42762,-120435 ( -73.8% ),76009893500,10627033,2
46,2009-09-01,343,0.117,1750,0.158,353561,0.176,0.104,256964000,-43183000 ( -14.4% ),36856,-5906 ( -13.8% ),76266857500,10663889,2
47,2009-09-02,336,0.116,1737,0.159,350438,0.177,0.091,225205500,-31758500 ( -12.4% ),31720,-5136 ( -13.9% ),76492063000,10695609,2
48,2009-09-03,308,0.116,1634,0.146,324082,0.16,0.088,200692000,-24513500 ( -10.9% ),28404,-3316 ( -10.5% ),76692755000,10724013,2
49,2009-09-04,311,0.116,1723,0.146,336109,0.158,0.096,240524500,39832500 ( 19.8% ),32222,3818 ( 13.4% ),76933279500,10756235,2
50,2009-09-05,341,0.114,1868,0.145,373889,0.163,0.221,612931000,372406500 ( 154.8% ),82466,50244 ( 155.9% ),77546210500,10838701,2
51,2009-09-06,329,0.113,1791,0.144,358880,0.162,0.246,645748500,32817500 ( 5.4% ),88223,5757 ( 7.0% ),78191959000,10926924,2
52,2009-09-07,316,0.12,1625,0.151,313454,0.16,0.07,154860500,-490888000 ( -76.0% ),21796,-66427 ( -75.3% ),78346819500,10948720,2
53,2009-09-08,316,0.119,1577,0.149,303780,0.158,0.067,145200500,-9660000 ( -6.2% ),20493,-1303 ( -6.0% ),78492020000,10969213,2
54,2009-09-09,281,0.104,1251,0.109,202640,0.098,0.082,115104500,-30096000 ( -20.7% ),16620,-3873 ( -18.9% ),78607124500,10985833,4
55,2009-09-10,261,0.1,1206,0.104,190689,0.091,0.075,100658000,-14446500 ( -12.6% ),14396,-2224 ( -13.4% ),78707782500,11000229,4
56,2009-09-11,262,0.1,1281,0.104,202737,0.091,0.092,137855500,37197500 ( 37.0% ),18640,4244 ( 29.5% ),78845638000,11018869,4
57,2009-09-12,277,0.098,1456,0.108,236380,0.098,0.225,386536500,248681000 ( 180.4% ),53116,34476 ( 185.0% ),79232174500,11071985,4
58,2009-09-13,277,0.098,1389,0.107,225334,0.098,0.201,334512000,-52024500 ( -13.5% ),45336,-7780 ( -14.6% ),79566686500,11117321,4
59,2009-09-14,265,0.101,1188,0.106,187490,0.091,0.068,85721000,-248791000 ( -74.4% ),12710,-32626 ( -72.0% ),79652407500,11130031,4
60,2009-09-15,267,0.101,1188,0.106,188521,0.092,0.063,80172000,-5549000 ( -6.5% ),11841,-869 ( -6.8% ),79732579500,11141872,4
61,2009-09-16,263,0.099,1147,0.103,184308,0.091,0.059,72965000,-7207000 ( -9.0% ),10822,-1019 ( -8.6% ),79805544500,11152694,4
62,2009-09-17,242,0.094,1086,0.094,161046,0.077,0.067,75054500,2089500 ( 2.9% ),10811,-11 ( -0.1% ),79880599000,11163505,5
63,2009-09-18,239,0.092,1152,0.095,172181,0.078,0.067,84854000,9799500 ( 13.1% ),11610,799 ( 7.4% ),79965453000,11175115,6
64,2009-09-19,252,0.089,1281,0.096,189474,0.079,0.146,204552500,119698500 ( 141.1% ),27663,16053 ( 138.3% ),80170005500,11202778,7
65,2009-09-20,249,0.091,1248,0.098,185989,0.081,0.153,209871500,5319000 ( 2.6% ),28380,717 ( 2.6% ),80379877000,11231158,5
66,2009-09-21,240,0.094,1076,0.097,157621,0.078,0.057,62303500,-147568000 ( -70.3% ),9054,-19326 ( -68.1% ),80442180500,11240212,5
67,2009-09-22,244,0.094,1072,0.098,157797,0.079,0.052,55907500,-6396000 ( -10.3% ),8191,-863 ( -9.5% ),80498088000,11248403,5
68,2009-09-23,240,0.093,1022,0.094,153631,0.077,0.056,58763000,2855500 ( 5.1% ),8599,408 ( 5.0% ),80556851000,11257002,5
69,2009-09-24,139,0.053,327,0.029,42453,0.02,0.064,17407000,-41356000 ( -70.4% ),2726,-5873 ( -68.3% ),80574258000,11259728,8
70,2009-09-25,134,0.051,331,0.027,41632,0.019,0.065,19646000,2239000 ( 12.9% ),2707,-19 ( -0.7% ),80593904000,11262435,9
71,2009-09-26,139,0.05,345,0.026,42559,0.018,0.154,46538000,26892000 ( 136.9% ),6537,3830 ( 141.5% ),80640442000,11268972,10
72,2009-09-27,138,0.05,338,0.027,41710,0.019,0.17,51754500,5216500 ( 11.2% ),7077,540 ( 8.3% ),80692196500,11276049,10
73,2009-09-28,135,0.051,308,0.027,40262,0.019,0.089,21897000,-29857500 ( -57.7% ),3582,-3495 ( -49.4% ),80714093500,11279631,8
74,2009-09-29,135,0.051,294,0.026,38493,0.018,0.085,20044000,-1853000 ( -8.5% ),3263,-319 ( -8.9% ),80734137500,11282894,9
75,2009-09-30,140,0.052,311,0.026,41150,0.019,0.109,26859500,6815500 ( 34.0% ),4500,1237 ( 37.9% ),80760997000,11287394,9
76,2009-10-01,62,0.024,130,0.009,17054,0.007,0.143,17477500,-9382000 ( -34.9% ),2436,-2064 ( -45.9% ),80778474500,11289830,13
77,2009-10-02,64,0.023,126,0.009,16637,0.007,0.292,36861500,19384000 ( 110.9% ),4853,2417 ( 99.2% ),80815336000,11294683,12
78,2009-10-03,68,0.024,139,0.01,18615,0.007,0.452,64467500,27606000 ( 74.9% ),8423,3570 ( 73.6% ),80879803500,11303106,11
79,2009-10-04,71,0.025,150,0.011,20300,0.008,0.408,62514000,-1953500 ( -3.0% ),8286,-137 ( -1.6% ),80942317500,11311392,11
80,2009-10-05,63,0.023,130,0.01,16942,0.007,0.268,31709000,-30805000 ( -49.3% ),4547,-3739 ( -45.1% ),80974026500,11315939,11
81,2009-10-06,58,0.022,111,0.009,14635,0.007,0.062,6576000,-25133000 ( -79.3% ),905,-3642 ( -80.1% ),80980602500,11316844,12
82,2009-10-07,57,0.02,106,0.009,14135,0.007,0.051,5122500,-1453500 ( -22.1% ),718,-187 ( -20.7% ),80985725000,11317562,15
83,2009-10-08,17,0.006,35,0.003,3839,0.002,0.051,1353000,-3769500 ( -73.6% ),197,-521 ( -72.6% ),80987078000,11317759,19
84,2009-10-09,14,0.005,33,0.003,3588,0.002,0.071,1842000,489000 ( 36.1% ),253,56 ( 28.4% ),80988920000,11318012,19
85,2009-10-10,18,0.006,46,0.003,5325,0.002,0.17,6274500,4432500 ( 240.6% ),905,652 ( 257.7% ),80995194500,11318917,18
86,2009-10-11,18,0.006,44,0.003,5063,0.002,0.179,6487500,213000 ( 3.4% ),904,-1 ( -0.1% ),81001682000,11319821,16
87,2009-10-12,17,0.006,35,0.003,4027,0.002,0.058,1626500,-4861000 ( -74.9% ),234,-670 ( -74.1% ),81003308500,11320055,20
88,2009-10-13,15,0.006,32,0.003,3402,0.002,0.041,896000,-730500 ( -44.9% ),140,-94 ( -40.2% ),81004204500,11320195,25
89,2009-10-14,16,0.006,37,0.003,4724,0.002,0.205,5141500,4245500 ( 473.8% ),968,828 ( 591.4% ),81009346000,11321163,12
90,2009-10-15,2,0.001,6,0.001,693,0.0,0.039,178500,-4963000 ( -96.5% ),27,-941 ( -97.2% ),81009524500,11321190,31
91,2009-10-16,4,0.001,6,0.0,741,0.0,0.065,315000,136500 ( 76.5% ),48,21 ( 77.8% ),81009839500,11321238,30
92,2009-10-17,4,0.001,8,0.001,1011,0.0,0.166,988500,673500 ( 213.8% ),168,120 ( 250.0% ),81010828000,11321406,27
93,2009-10-18,5,0.002,9,0.001,1119,0.0,0.157,1134000,145500 ( 14.7% ),176,8 ( 4.8% ),81011962000,11321582,26
94,2009-10-19,4,0.001,7,0.001,786,0.0,0.076,448000,-686000 ( -60.5% ),60,-116 ( -65.9% ),81012410000,11321642,30
95,2009-10-20,6,0.002,9,0.001,1249,0.001,0.334,2102500,1654500 ( 369.3% ),417,357 ( 595.0% ),81014512500,11322059,17
96,2009-10-21,5,0.002,9,0.001,1276,0.001,0.317,2042000,-60500 ( -2.9% ),404,-13 ( -3.1% ),81016554500,11322463,17
97,2009-10-22,1,0.0,1,0.0,136,0.0,0.015,16000,-2026000 ( -99.2% ),2,-402 ( -99.5% ),81016570500,11322465,58
98,2009-10-23,3,0.001,8,0.001,1920,0.001,0.427,3761000,3745000 ( 23406.3% ),820,818 ( 40900.0% ),81020331500,11323285,19
99,2009-10-24,2,0.001,5,0.0,1172,0.001,0.096,365500,-3395500 ( -90.3% ),113,-707 ( -86.2% ),81020697000,11323398,37
100,2009-10-25,2,0.001,5,0.0,1172,0.001,0.063,255500,-110000 ( -30.1% ),74,-39 ( -34.5% ),81020952500,11323472,61
101,2009-10-26,3,0.001,7,0.001,1223,0.001,0.082,559000,303500 ( 118.8% ),100,26 ( 35.1% ),81021511500,11323572,30
102,2009-10-27,1,0.0,3,0.0,900,0.0,0.108,203000,-356000 ( -63.7% ),97,-3 ( -3.0% ),81021714500,11323669,31
103,2009-10-28,2,0.001,4,0.0,1036,0.001,0.068,152000,-51000 ( -25.1% ),70,-27 ( -27.8% ),81021866500,11323739,33
104,2009-10-29,2,0.001,4,0.0,1036,0.001,0.059,146000,-6000 ( -3.9% ),61,-9 ( -12.9% ),81022012500,11323800,33
105,2009-10-30,2,0.001,5,0.0,1172,0.001,0.034,129000,-17000 ( -11.6% ),40,-21 ( -34.4% ),81022141500,11323840,43
106,2009-10-31,2,0.001,5,0.0,1172,0.001,0.069,256500,127500 ( 98.8% ),81,41 ( 102.5% ),81022398000,11323921,42
107,2009-11-01,2,0.001,5,0.0,1172,0.001,0.042,178000,-78500 ( -30.6% ),49,-32 ( -39.5% ),81022576000,11323970,43
108,2009-11-02,2,0.001,3,0.0,736,0.0,0.018,39000,-139000 ( -78.1% ),13,-36 ( -73.5% ),81022615000,11323983,42
109,2009-11-03,1,0.0,3,0.0,900,0.0,0.058,110000,71000 ( 182.1% ),52,39 ( 300.0% ),81022725000,11324035,31
110,2009-11-04,2,0.001,5,0.0,1172,0.001,0.055,163500,53500 ( 48.6% ),64,12 ( 23.1% ),81022888500,11324099,33
111,2009-11-05,3,0.001,6,0.001,1270,0.001,0.034,122000,-41500 ( -25.4% ),43,-21 ( -32.8% ),81023010500,11324142,32
112,2009-11-07,1,0.0,2,0.0,272,0.0,0.026,56000,56000 ( 100.0% ),7,7 ( 100.0% ),81023066500,11324149,71
113,2009-11-08,1,0.0,2,0.0,272,0.0,0.04,82000,26000 ( 46.4% ),11,4 ( 57.1% ),81023148500,11324160,66
114,2009-11-09,3,0.001,5,0.0,582,0.0,0.065,315000,233000 ( 284.1% ),38,27 ( 245.5% ),81023463500,11324198,28
115,2009-11-10,2,0.001,2,0.0,231,0.0,0.013,24000,-291000 ( -92.4% ),3,-35 ( -92.1% ),81023487500,11324201,66
116,2009-11-11,1,0.0,1,0.0,136,0.0,0.029,32000,8000 ( 33.3% ),4,1 ( 33.3% ),81023519500,11324205,65
117,2009-11-12,1,0.0,1,0.0,136,0.0,0.022,24000,-8000 ( -25.0% ),3,-1 ( -25.0% ),81023543500,11324208,60
118,2009-11-13,1,0.0,2,0.0,272,0.0,0.011,21000,-3000 ( -12.5% ),3,0 ( 0.0% ),81023564500,11324211,69
119,2009-11-14,1,0.0,2,0.0,272,0.0,0.059,108000,87000 ( 414.3% ),16,13 ( 433.3% ),81023672500,11324227,52
120,2009-11-15,1,0.0,2,0.0,272,0.0,0.007,13000,-95000 ( -88.0% ),2,-14 ( -87.5% ),81023685500,11324229,90
121,2009-11-16,1,0.0,2,0.0,234,0.0,0.047,83000,70000 ( 538.5% ),11,9 ( 450.0% ),81023768500,11324240,39
122,2009-11-21,1,0.0,2,0.0,272,0.0,0.037,73500,73500 ( 100.0% ),10,10 ( 100.0% ),81023842000,11324250,49
123,2009-11-22,1,0.0,2,0.0,272,0.0,0.037,73000,-500 ( -0.7% ),10,0 ( 0.0% ),81023915000,11324260,52
124,2009-11-23,2,0.001,4,0.0,487,0.0,0.055,209000,136000 ( 186.3% ),27,17 ( 170.0% ),81024124000,11324287,28
125,2009-11-25,1,0.0,1,0.0,136,0.0,0.015,16000,16000 ( 100.0% ),2,2 ( 100.0% ),81024140000,11324289,70
126,2009-11-30,2,0.001,3,0.0,337,0.0,0.359,669000,669000 ( 100.0% ),121,121 ( 100.0% ),81024809000,11324410,20
