,날짜,스크린수,스크린점유율,상영횟수,상영점유율,좌석수,좌석점유율,좌석판매율,매출액,매출액증감(전일대비),관객수,관객수증감(전일대비),누적매출액,누적관객수,순위
0,2013-11-26,1,0.0,1,0.0,326,0.0,1.0,1630000,1630000 ( 100.0% ),326,326 ( 100.0% ),1630000,326,25
1,2013-11-29,4,0.001,4,0.0,1060,0.0,1.0,8480000,8480000 ( 100.0% ),1060,1060 ( 100.0% ),10110000,1386,17
2,2013-11-30,3,0.001,4,0.0,1000,0.0,0.773,5071000,-3409000 ( -40.2% ),773,-287 ( -27.1% ),15181000,2159,22
3,2013-12-01,8,0.002,8,0.001,1778,0.001,1.0,13877000,8806000 ( 173.7% ),1778,1005 ( 130.0% ),29058000,3937,16
4,2013-12-03,2,0.001,2,0.0,591,0.0,1.0,4137000,4137000 ( 100.0% ),591,591 ( 100.0% ),33195000,4528,21
5,2013-12-05,1,0.0,1,0.0,144,0.0,0.986,852000,852000 ( 100.0% ),142,142 ( 100.0% ),34047000,4670,54
6,2013-12-07,6,0.001,6,0.0,1492,0.001,0.978,8951000,8951000 ( 100.0% ),1459,1459 ( 100.0% ),42998000,6129,19
7,2013-12-08,3,0.001,4,0.0,769,0.0,0.889,4847000,-4104000 ( -45.8% ),684,-775 ( -53.1% ),47845000,6813,23
8,2013-12-09,12,0.003,12,0.001,2580,0.001,0.986,17404000,12557000 ( 259.1% ),2544,1860 ( 271.9% ),65249000,9357,13
9,2013-12-10,16,0.004,16,0.001,3551,0.002,1.0,23271000,5867000 ( 33.7% ),3551,1007 ( 39.6% ),88520000,12908,12
10,2013-12-11,16,0.004,16,0.001,4136,0.002,0.999,31238000,7967000 ( 34.2% ),4132,581 ( 16.4% ),119758000,17040,10
11,2013-12-12,6,0.002,6,0.0,1194,0.001,0.97,7348000,-23890000 ( -76.5% ),1158,-2974 ( -72.0% ),127106000,18198,16
12,2013-12-16,6,0.002,6,0.001,1249,0.001,1.0,7964000,7964000 ( 100.0% ),1249,1249 ( 100.0% ),135070000,19447,15
13,2013-12-17,3,0.001,3,0.0,750,0.0,0.661,2980000,-4984000 ( -62.6% ),496,-753 ( -60.3% ),138050000,19943,23
14,2013-12-18,591,0.134,1603,0.132,302170,0.15,0.397,848513000,845533000 ( 28373.6% ),119949,119453 ( 24083.3% ),986563000,139892,1
15,2013-12-19,811,0.198,3524,0.276,714254,0.336,0.325,1570269000,721756000 ( 85.1% ),232031,112082 ( 93.4% ),2556832000,371923,1
16,2013-12-20,847,0.207,3807,0.287,766088,0.348,0.385,2124762000,554493000 ( 35.3% ),294699,62668 ( 27.0% ),4681594000,666622,1
17,2013-12-21,923,0.211,4301,0.3,868575,0.366,0.623,4024913000,1900151000 ( 89.4% ),541408,246709 ( 83.7% ),8706507000,1208030,1
18,2013-12-22,923,0.213,4205,0.301,851381,0.368,0.639,4030201500,5288500 ( 0.1% ),543766,2358 ( 0.4% ),12736708500,1751796,1
19,2013-12-23,877,0.219,4003,0.31,817259,0.38,0.337,1894913500,-2135288000 ( -53.0% ),275388,-268378 ( -49.4% ),14631622000,2027184,1
20,2013-12-24,840,0.189,4096,0.284,769023,0.323,0.581,3129499000,1234585500 ( 65.2% ),446844,171456 ( 62.3% ),17761121000,2474028,1
21,2013-12-25,874,0.187,4093,0.274,769077,0.312,0.833,4717009000,1587510000 ( 50.7% ),640624,193780 ( 43.4% ),22478130000,3114652,1
22,2013-12-26,831,0.186,3899,0.288,758247,0.338,0.366,1912729500,-2804279500 ( -59.5% ),277583,-363041 ( -56.7% ),24390859500,3392235,1
23,2013-12-27,864,0.193,4138,0.297,806061,0.35,0.421,2472885000,560155500 ( 29.3% ),338987,61404 ( 22.1% ),26863744500,3731222,1
24,2013-12-28,908,0.192,4423,0.303,880696,0.365,0.669,4362021000,1889136000 ( 76.4% ),589020,250033 ( 73.8% ),31225765500,4320242,1
25,2013-12-29,911,0.194,4346,0.305,867176,0.369,0.665,4246111000,-115910000 ( -2.7% ),576727,-12293 ( -2.1% ),35471876500,4896969,1
26,2013-12-30,860,0.201,4182,0.309,836877,0.375,0.388,2241073500,-2005037500 ( -47.2% ),324659,-252068 ( -43.7% ),37712950000,5221628,1
27,2013-12-31,836,0.197,4297,0.288,879211,0.358,0.529,3240448000,999374500 ( 44.6% ),465419,140760 ( 43.4% ),40953398000,5687047,1
28,2014-01-01,887,0.206,4448,0.303,914559,0.378,0.734,5079908000,1839460000 ( 56.8% ),671427,206008 ( 44.3% ),46033306000,6358474,1
29,2014-01-02,827,0.198,4096,0.291,853332,0.367,0.309,1850933000,-3228975000 ( -63.6% ),263381,-408046 ( -60.8% ),47884239000,6621855,1
30,2014-01-03,854,0.2,4228,0.295,875764,0.37,0.291,1915511000,64578000 ( 3.5% ),254996,-8385 ( -3.2% ),49799750000,6876851,1
31,2014-01-04,925,0.212,4604,0.31,948866,0.387,0.545,3919826500,2004315500 ( 104.6% ),516834,261838 ( 102.7% ),53719576500,7393685,1
32,2014-01-05,918,0.212,4484,0.31,925958,0.387,0.503,3487116000,-432710500 ( -11.0% ),465470,-51364 ( -9.9% ),57206692500,7859155,1
33,2014-01-06,827,0.204,4074,0.3,849938,0.377,0.195,1165864000,-2321252000 ( -66.6% ),165786,-299684 ( -64.4% ),58372556500,8024941,1
34,2014-01-07,830,0.2,4070,0.298,848477,0.375,0.191,1134065500,-31798500 ( -2.7% ),161918,-3868 ( -2.3% ),59506622000,8186859,1
35,2014-01-08,830,0.202,4056,0.3,843922,0.376,0.181,1065946500,-68119000 ( -6.0% ),152479,-9439 ( -5.8% ),60572568500,8339338,1
36,2014-01-09,718,0.163,3505,0.255,760556,0.334,0.164,873776000,-192170500 ( -18.0% ),124551,-27928 ( -18.3% ),61446344500,8463889,1
37,2014-01-10,728,0.163,3614,0.257,783985,0.337,0.192,1131725000,257949000 ( 29.5% ),150195,25644 ( 20.6% ),62578069500,8614084,1
38,2014-01-11,777,0.164,3742,0.255,805616,0.331,0.419,2559919500,1428194500 ( 126.2% ),337871,187676 ( 125.0% ),65137989000,8951955,1
39,2014-01-12,769,0.164,3617,0.254,781075,0.33,0.398,2330938500,-228981000 ( -8.9% ),311145,-26726 ( -7.9% ),67468927500,9263100,1
40,2014-01-13,704,0.164,3355,0.251,732928,0.33,0.146,748763500,-1582175000 ( -67.9% ),106973,-204172 ( -65.6% ),68217691000,9370073,1
41,2014-01-14,695,0.16,3340,0.249,729536,0.328,0.144,725985000,-22778500 ( -3.0% ),104935,-2038 ( -1.9% ),68943676000,9475008,1
42,2014-01-15,689,0.158,3275,0.242,718999,0.322,0.132,658615000,-67370000 ( -9.3% ),95009,-9926 ( -9.5% ),69602291000,9570017,1
43,2014-01-16,594,0.131,2538,0.182,543066,0.235,0.149,563863500,-94751500 ( -14.4% ),80840,-14169 ( -14.9% ),70166154500,9650857,2
44,2014-01-17,595,0.128,2568,0.179,548409,0.23,0.176,722573500,158710000 ( 28.1% ),96539,15699 ( 19.4% ),70888728000,9747396,2
45,2014-01-18,629,0.128,2607,0.174,535408,0.215,0.389,1575317000,852743500 ( 118.0% ),208479,111940 ( 116.0% ),72464045000,9955875,2
46,2014-01-19,612,0.125,2492,0.171,512555,0.212,0.402,1547171000,-28146000 ( -1.8% ),205812,-2667 ( -1.3% ),74011216000,10161687,2
47,2014-01-20,550,0.126,2383,0.176,492387,0.217,0.156,538779500,-1008391500 ( -65.2% ),76804,-129008 ( -62.7% ),74549995500,10238491,2
48,2014-01-21,542,0.121,2352,0.173,483163,0.213,0.156,526828500,-11951000 ( -2.2% ),75348,-1456 ( -1.9% ),75076824000,10313839,2
49,2014-01-22,343,0.091,1463,0.106,207472,0.09,0.234,337305500,-189523000 ( -36.0% ),48570,-26778 ( -35.5% ),75414129500,10362409,5
50,2014-01-23,338,0.087,1401,0.1,197534,0.085,0.232,317415500,-19890000 ( -5.9% ),45821,-2749 ( -5.7% ),75731545000,10408230,5
51,2014-01-24,363,0.092,1438,0.1,198325,0.083,0.27,399476000,82060500 ( 25.9% ),53486,7665 ( 16.7% ),76131021000,10461716,5
52,2014-01-25,369,0.087,1400,0.093,189853,0.076,0.566,809616000,410140000 ( 102.7% ),107368,53882 ( 100.7% ),76940637000,10569084,5
53,2014-01-26,371,0.089,1341,0.092,180214,0.074,0.555,743307500,-66308500 ( -8.2% ),100031,-7337 ( -6.8% ),77683944500,10669115,5
54,2014-01-27,352,0.092,1360,0.097,184032,0.079,0.214,269469500,-473838000 ( -63.7% ),39435,-60596 ( -60.6% ),77953414000,10708550,5
55,2014-01-28,352,0.091,1357,0.096,182915,0.078,0.213,267826000,-1643500 ( -0.6% ),38943,-492 ( -1.2% ),78221240000,10747493,5
56,2014-01-29,305,0.073,823,0.054,107718,0.043,0.433,312481500,44655500 ( 16.7% ),46691,7748 ( 19.9% ),78533721500,10794184,6
57,2014-01-30,344,0.077,889,0.056,116671,0.045,0.628,561735500,249254000 ( 79.8% ),73313,26622 ( 57.0% ),79095457000,10867497,6
58,2014-01-31,382,0.083,980,0.062,130530,0.05,0.715,728976000,167240500 ( 29.8% ),93268,19955 ( 27.2% ),79824433000,10960765,4
59,2014-02-01,410,0.086,1057,0.066,142174,0.053,0.758,825969500,96993500 ( 13.3% ),107827,14559 ( 15.6% ),80650402500,11068592,4
60,2014-02-02,402,0.085,993,0.064,134290,0.053,0.593,607504500,-218465000 ( -26.4% ),79673,-28154 ( -26.1% ),81257907000,11148265,6
61,2014-02-03,332,0.082,931,0.065,125225,0.052,0.273,238994000,-368510500 ( -60.7% ),34192,-45481 ( -57.1% ),81496901000,11182457,4
62,2014-02-04,332,0.081,924,0.066,124845,0.053,0.168,146394500,-92599500 ( -38.7% ),20956,-13236 ( -38.7% ),81643295500,11203413,5
63,2014-02-05,337,0.083,937,0.067,128905,0.055,0.143,128234000,-18160500 ( -12.4% ),18448,-2508 ( -12.0% ),81771529500,11221861,4
64,2014-02-06,295,0.07,763,0.053,105510,0.044,0.138,101634500,-26599500 ( -20.7% ),14567,-3881 ( -21.0% ),81873164000,11236428,6
65,2014-02-07,302,0.071,789,0.054,109860,0.045,0.148,120104500,18470000 ( 18.2% ),16206,1639 ( 11.3% ),81993268500,11252634,6
66,2014-02-08,289,0.064,720,0.046,95456,0.037,0.319,233983500,113879000 ( 94.8% ),30429,14223 ( 87.8% ),82227252000,11283063,8
67,2014-02-09,276,0.061,671,0.045,88837,0.036,0.32,216836000,-17147500 ( -7.3% ),28386,-2043 ( -6.7% ),82444088000,11311449,8
68,2014-02-10,278,0.068,672,0.049,89861,0.039,0.106,65688500,-151147500 ( -69.7% ),9558,-18828 ( -66.3% ),82509776500,11321007,6
69,2014-02-11,276,0.066,653,0.047,87256,0.038,0.109,65615500,-73000 ( -0.1% ),9552,-6 ( -0.1% ),82575392000,11330559,6
70,2014-02-12,282,0.067,670,0.048,90485,0.039,0.107,66150000,534500 ( 0.8% ),9692,140 ( 1.5% ),82641542000,11340251,6
71,2014-02-13,100,0.024,180,0.013,22933,0.01,0.124,19065500,-47084500 ( -71.2% ),2834,-6858 ( -70.8% ),82660607500,11343085,10
72,2014-02-14,104,0.025,188,0.013,24334,0.01,0.14,26035500,6970000 ( 36.6% ),3417,583 ( 20.6% ),82686643000,11346502,11
73,2014-02-15,83,0.019,145,0.009,18834,0.007,0.265,38746500,12711000 ( 48.8% ),4993,1576 ( 46.1% ),82725389500,11351495,11
74,2014-02-16,84,0.019,133,0.009,17318,0.007,0.247,32961000,-5785500 ( -14.9% ),4276,-717 ( -14.4% ),82758350500,11355771,11
75,2014-02-17,94,0.023,170,0.012,22195,0.009,0.109,16282000,-16679000 ( -50.6% ),2420,-1856 ( -43.4% ),82774632500,11358191,10
76,2014-02-18,98,0.023,167,0.012,21560,0.009,0.116,17157500,875500 ( 5.4% ),2500,80 ( 3.3% ),82791790000,11360691,12
77,2014-02-19,93,0.022,163,0.012,21678,0.009,0.088,13461500,-3696000 ( -21.5% ),1913,-587 ( -23.5% ),82805251500,11362604,13
78,2014-02-20,30,0.007,40,0.003,5654,0.002,0.129,5182000,-8279500 ( -61.5% ),731,-1182 ( -61.8% ),82810433500,11363335,17
79,2014-02-21,30,0.007,40,0.003,5318,0.002,0.137,5278000,96000 ( 1.9% ),729,-2 ( -0.3% ),82815711500,11364064,19
80,2014-02-22,23,0.005,35,0.002,4789,0.002,0.185,7070000,1792000 ( 34.0% ),888,159 ( 21.8% ),82822781500,11364952,19
81,2014-02-23,23,0.005,33,0.002,4522,0.002,0.179,6517000,-553000 ( -7.8% ),810,-78 ( -8.8% ),82829298500,11365762,19
82,2014-02-24,27,0.006,43,0.003,6218,0.003,0.073,3242000,-3275000 ( -50.3% ),456,-354 ( -43.7% ),82832540500,11366218,25
83,2014-02-25,26,0.006,46,0.003,6493,0.003,0.077,3526000,284000 ( 8.8% ),502,46 ( 10.1% ),82836066500,11366720,23
84,2014-02-26,36,0.008,51,0.004,7235,0.003,0.227,8369600,4843600 ( 137.4% ),1644,1142 ( 227.5% ),82844436100,11368364,16
85,2014-02-27,15,0.003,19,0.001,3470,0.001,0.689,12093000,3723400 ( 44.5% ),2390,746 ( 45.4% ),82856529100,11370754,17
86,2014-02-28,8,0.002,9,0.001,1205,0.0,0.168,1131000,-10962000 ( -90.6% ),203,-2187 ( -91.5% ),82857660100,11370957,39
87,2014-03-01,5,0.001,6,0.0,800,0.0,0.186,1080200,-50800 ( -4.5% ),149,-54 ( -26.6% ),82858740300,11371106,42
88,2014-03-02,5,0.001,6,0.0,800,0.0,0.154,834500,-245700 ( -22.7% ),123,-26 ( -17.4% ),82859574800,11371229,39
89,2014-03-03,6,0.002,6,0.0,889,0.0,0.063,376000,-458500 ( -54.9% ),56,-67 ( -54.5% ),82859950800,11371285,47
90,2014-03-04,7,0.002,9,0.001,1229,0.001,0.059,508000,132000 ( 35.1% ),73,17 ( 30.4% ),82860458800,11371358,51
91,2014-03-05,7,0.002,8,0.001,1184,0.001,0.074,624000,116000 ( 22.8% ),88,15 ( 20.5% ),82861082800,11371446,48
92,2014-03-06,5,0.001,5,0.0,583,0.0,0.449,1176000,552000 ( 88.5% ),262,174 ( 197.7% ),82862258800,11371708,28
93,2014-03-07,3,0.001,3,0.0,295,0.0,0.125,216000,-960000 ( -81.6% ),37,-225 ( -85.9% ),82862474800,11371745,57
94,2014-03-08,3,0.001,3,0.0,295,0.0,0.142,311000,95000 ( 44.0% ),42,5 ( 13.5% ),82862785800,11371787,58
95,2014-03-09,3,0.001,3,0.0,295,0.0,0.183,377000,66000 ( 21.2% ),54,12 ( 28.6% ),82863162800,11371841,51
96,2014-03-10,1,0.0,1,0.0,54,0.0,0.444,168000,-209000 ( -55.4% ),24,-30 ( -55.6% ),82863330800,11371865,53
97,2014-03-11,2,0.0,2,0.0,245,0.0,0.086,152000,-16000 ( -9.5% ),21,-3 ( -12.5% ),82863482800,11371886,61
98,2014-03-12,2,0.0,2,0.0,245,0.0,0.135,208000,56000 ( 36.8% ),33,12 ( 57.1% ),82863690800,11371919,68
99,2014-03-13,1,0.0,1,0.0,202,0.0,0.074,99000,-109000 ( -52.4% ),15,-18 ( -54.5% ),82863789800,11371934,74
100,2014-03-14,1,0.0,1,0.0,202,0.0,0.054,84000,-15000 ( -15.2% ),11,-4 ( -26.7% ),82863873800,11371945,70
101,2014-03-15,1,0.0,1,0.0,202,0.0,0.099,135000,51000 ( 60.7% ),20,9 ( 81.8% ),82864008800,11371965,71
102,2014-03-16,1,0.0,1,0.0,202,0.0,0.114,183000,48000 ( 35.6% ),23,3 ( 15.0% ),82864191800,11371988,65
103,2014-03-17,1,0.0,2,0.0,404,0.0,0.042,100000,-83000 ( -45.4% ),17,-6 ( -26.1% ),82864291800,11372005,57
104,2014-03-18,1,0.0,2,0.0,404,0.0,0.047,108000,8000 ( 8.0% ),19,2 ( 11.8% ),82864399800,11372024,63
105,2014-03-19,1,0.0,2,0.0,404,0.0,0.037,81000,-27000 ( -25.0% ),15,-4 ( -21.1% ),82864480800,11372039,66
