,날짜,스크린수,스크린점유율,상영횟수,상영점유율,좌석수,좌석점유율,좌석판매율,매출액,매출액증감(전일대비),관객수,관객수증감(전일대비),누적매출액,누적관객수,순위
0,2006-07-27,513,0.304,3002,0.378,714967,0.485,0.554,2382619500,1574841500 ( 195.0% ),395951,265699 ( 204.0% ),3252621500,535205,1
1,2006-07-28,537,0.31,3170,0.382,756722,0.49,0.558,2619295400,236675900 ( 9.9% ),421988,26037 ( 6.6% ),5871916900,957193,1
2,2006-07-29,617,0.336,3642,0.418,844584,0.523,0.798,4193732200,1574436800 ( 60.1% ),673838,251850 ( 59.7% ),10065649100,1631031,1
3,2006-07-30,618,0.34,3533,0.421,816840,0.526,0.782,3990969200,-202763000 ( -4.8% ),638824,-35014 ( -5.2% ),14056618300,2269855,1
4,2006-07-31,561,0.323,3218,0.396,755652,0.503,0.608,2775636000,-1215333200 ( -30.5% ),459149,-179675 ( -28.1% ),16832254300,2729004,1
5,2006-08-01,581,0.33,3307,0.408,768648,0.512,0.602,2796724400,21088400 ( 0.8% ),462351,3202 ( 0.7% ),19628978700,3191355,1
6,2006-08-02,591,0.334,3333,0.41,772056,0.514,0.581,2705506600,-91217800 ( -3.3% ),448539,-13812 ( -3.0% ),22334485300,3639894,1
7,2006-08-03,573,0.345,3344,0.393,771791,0.491,0.533,2489413800,-216092800 ( -8.0% ),411484,-37055 ( -8.3% ),24823899100,4051378,1
8,2006-08-04,589,0.351,3519,0.404,815548,0.505,0.527,2653236700,163822900 ( 6.6% ),430153,18669 ( 4.5% ),27477135800,4481531,1
9,2006-08-05,647,0.37,3838,0.427,879718,0.528,0.755,4117108800,1463872100 ( 55.2% ),664150,233997 ( 54.4% ),31594244600,5145681,1
10,2006-08-06,645,0.383,3598,0.438,819115,0.541,0.691,3522828000,-594280800 ( -14.4% ),565967,-98183 ( -14.8% ),35117072600,5711648,1
11,2006-08-07,564,0.346,3319,0.398,775800,0.502,0.388,1827745600,-1695082400 ( -48.1% ),300729,-265238 ( -46.9% ),36944818200,6012377,1
12,2006-08-08,559,0.346,3286,0.397,766958,0.501,0.338,1561840000,-265905600 ( -14.5% ),258978,-41751 ( -13.9% ),38506658200,6271355,1
13,2006-08-09,552,0.334,3203,0.39,754561,0.496,0.301,1369151400,-192688600 ( -12.3% ),227311,-31667 ( -12.2% ),39875809600,6498666,1
14,2006-08-10,474,0.274,2765,0.321,643364,0.406,0.326,1240180400,-128971000 ( -9.4% ),209860,-17451 ( -7.7% ),41115990000,6708526,1
15,2006-08-11,479,0.277,2882,0.325,677932,0.413,0.34,1386922000,146741600 ( 11.8% ),230212,20352 ( 9.7% ),42502912000,6938738,1
16,2006-08-12,530,0.29,3088,0.337,713886,0.421,0.588,2583382900,1196460900 ( 86.3% ),419805,189593 ( 82.4% ),45086294900,7358543,1
17,2006-08-13,516,0.29,2992,0.337,691952,0.421,0.556,2386617800,-196765100 ( -7.6% ),384951,-34854 ( -8.3% ),47472912700,7743494,1
18,2006-08-14,480,0.276,2883,0.327,675164,0.413,0.376,1527340700,-859277100 ( -36.0% ),253737,-131214 ( -34.1% ),49000253400,7997231,1
19,2006-08-15,517,0.289,2934,0.334,677371,0.417,0.568,2362458000,835117300 ( 54.7% ),384940,131203 ( 51.7% ),51362711400,8382171,1
20,2006-08-16,462,0.269,2722,0.323,636562,0.409,0.237,900432900,-1462025100 ( -61.9% ),151087,-233853 ( -60.8% ),52263144300,8533258,1
21,2006-08-17,356,0.223,1992,0.23,483873,0.303,0.305,863986400,-36446500 ( -4.0% ),147671,-3416 ( -2.3% ),53127130700,8680929,1
22,2006-08-18,360,0.221,2074,0.232,505815,0.306,0.303,914890900,50904500 ( 5.9% ),153122,5451 ( 3.7% ),54042021600,8834051,1
23,2006-08-19,385,0.228,2254,0.245,543252,0.319,0.538,1797275900,882385000 ( 96.4% ),292351,139229 ( 90.9% ),55839297500,9126402,1
24,2006-08-20,380,0.228,2137,0.242,516026,0.316,0.532,1693071100,-104204800 ( -5.8% ),274546,-17805 ( -6.1% ),57532368600,9400948,1
25,2006-08-21,355,0.221,1977,0.235,481271,0.309,0.206,591779000,-1101292100 ( -65.0% ),99238,-175308 ( -63.9% ),58124147600,9500186,1
26,2006-08-22,353,0.221,1971,0.237,473415,0.306,0.195,545033700,-46745300 ( -7.9% ),92505,-6733 ( -6.8% ),58669181300,9592691,1
27,2006-08-23,353,0.22,1965,0.237,475639,0.309,0.172,485278800,-59754900 ( -11.0% ),81807,-10698 ( -11.6% ),59154460100,9674498,1
28,2006-08-24,271,0.164,1511,0.178,360999,0.23,0.185,392045900,-93232900 ( -19.2% ),66688,-15119 ( -18.5% ),59546506000,9741186,1
29,2006-08-25,275,0.165,1583,0.179,381159,0.233,0.188,431060100,39014200 ( 10.0% ),71601,4913 ( 7.4% ),59977566100,9812787,1
30,2006-08-26,298,0.172,1699,0.183,399225,0.234,0.467,1128711400,697651300 ( 161.8% ),186540,114939 ( 160.5% ),61106277500,9999327,1
31,2006-08-27,291,0.17,1605,0.181,379853,0.232,0.431,1018823800,-109887600 ( -9.7% ),163896,-22644 ( -12.1% ),62125101300,10163223,1
32,2006-08-28,270,0.163,1492,0.184,350498,0.233,0.124,264404000,-754419800 ( -74.0% ),43551,-120345 ( -73.4% ),62389505300,10206774,1
33,2006-08-29,271,0.165,1493,0.186,352614,0.236,0.116,241105600,-23298400 ( -8.8% ),40839,-2712 ( -6.2% ),62630610900,10247613,1
34,2006-08-30,271,0.165,1491,0.187,351601,0.237,0.113,234250700,-6854900 ( -2.8% ),39596,-1243 ( -3.0% ),62864861600,10287209,2
35,2006-08-31,192,0.123,1060,0.136,242358,0.168,0.121,172299200,-61951500 ( -26.4% ),29303,-10293 ( -26.0% ),63037160800,10316512,3
36,2006-09-01,189,0.122,1103,0.138,251042,0.168,0.117,180907800,8608600 ( 5.0% ),29364,61 ( 0.2% ),63218068600,10345876,4
37,2006-09-02,199,0.119,1155,0.137,255770,0.163,0.332,526814800,345907000 ( 191.2% ),84819,55455 ( 188.9% ),63744883400,10430695,2
38,2006-09-03,197,0.122,1107,0.137,244130,0.163,0.434,655737400,128922600 ( 24.5% ),105942,21123 ( 24.9% ),64400620800,10536637,2
39,2006-09-04,183,0.12,1021,0.141,222449,0.165,0.107,146192400,-509545000 ( -77.7% ),23706,-82236 ( -77.6% ),64546813200,10560343,2
40,2006-09-05,184,0.121,1025,0.142,222450,0.165,0.096,131345000,-14847400 ( -10.2% ),21298,-2408 ( -10.2% ),64678158200,10581641,2
41,2006-09-06,183,0.121,1003,0.139,218538,0.162,0.095,124837800,-6507200 ( -5.0% ),20776,-522 ( -2.5% ),64802996000,10602417,3
42,2006-09-07,162,0.106,832,0.114,152104,0.11,0.102,93883900,-30953900 ( -24.8% ),15583,-5193 ( -25.0% ),64896879900,10618000,5
43,2006-09-08,161,0.105,885,0.114,160020,0.11,0.122,120221500,26337600 ( 28.1% ),19527,3944 ( 25.3% ),65017101400,10637527,5
44,2006-09-09,171,0.104,998,0.118,182046,0.115,0.402,441387500,321166000 ( 267.1% ),73140,53613 ( 274.6% ),65458488900,10710667,3
45,2006-09-10,170,0.106,930,0.117,170811,0.115,0.32,337428900,-103958600 ( -23.6% ),54709,-18431 ( -25.2% ),65795917800,10765376,4
46,2006-09-11,161,0.106,819,0.116,150125,0.113,0.078,71257500,-266171400 ( -78.9% ),11739,-42970 ( -78.5% ),65867175300,10777115,5
47,2006-09-12,164,0.109,813,0.115,150253,0.113,0.076,69456000,-1801500 ( -2.5% ),11440,-299 ( -2.5% ),65936631300,10788555,4
48,2006-09-13,162,0.094,734,0.105,131033,0.1,0.078,60264500,-9191500 ( -13.2% ),10162,-1278 ( -11.2% ),65996895800,10798717,5
49,2006-09-14,144,0.095,618,0.085,100552,0.073,0.082,48892300,-11372200 ( -18.9% ),8232,-1930 ( -19.0% ),66045788100,10806949,6
50,2006-09-15,145,0.096,655,0.085,104618,0.072,0.079,51533000,2640700 ( 5.4% ),8283,51 ( 0.6% ),66097321100,10815232,6
51,2006-09-16,154,0.092,715,0.086,113092,0.073,0.252,172023000,120490000 ( 233.8% ),28508,20225 ( 244.2% ),66269344100,10843740,5
52,2006-09-17,152,0.096,685,0.087,107140,0.073,0.28,186894500,14871500 ( 8.6% ),29997,1489 ( 5.2% ),66456238600,10873737,4
53,2006-09-18,143,0.093,606,0.085,96282,0.072,0.073,42866000,-144028500 ( -77.1% ),7053,-22944 ( -76.5% ),66499104600,10880790,5
54,2006-09-19,144,0.093,596,0.085,95709,0.072,0.073,40726700,-2139300 ( -5.0% ),6991,-62 ( -0.9% ),66539831300,10887781,4
55,2006-09-20,132,0.067,437,0.062,75499,0.057,0.071,29948000,-10778700 ( -26.5% ),5379,-1612 ( -23.1% ),66569779300,10893160,6
56,2006-09-21,51,0.035,159,0.022,21057,0.015,0.094,11165000,-18783000 ( -62.7% ),1980,-3399 ( -63.2% ),66580944300,10895140,7
57,2006-09-22,55,0.037,178,0.023,22623,0.015,0.082,11563000,398000 ( 3.6% ),1862,-118 ( -6.0% ),66592507300,10897002,8
58,2006-09-23,52,0.034,201,0.024,23865,0.015,0.284,40209000,28646000 ( 247.7% ),6766,4904 ( 263.4% ),66632716300,10903768,7
59,2006-09-24,52,0.034,185,0.023,21940,0.015,0.258,35348500,-4860500 ( -12.1% ),5658,-1108 ( -16.4% ),66668064800,10909426,7
60,2006-09-25,54,0.036,164,0.022,23145,0.017,0.072,9459500,-25889000 ( -73.2% ),1667,-3991 ( -70.5% ),66677524300,10911093,7
61,2006-09-26,51,0.034,166,0.023,21844,0.016,0.072,9233000,-226500 ( -2.4% ),1571,-96 ( -5.8% ),66686757300,10912664,8
62,2006-09-27,21,0.013,50,0.007,6256,0.005,0.073,2784500,-6448500 ( -69.8% ),459,-1112 ( -70.8% ),66689541800,10913123,12
