,날짜,스크린수,스크린점유율,상영횟수,상영점유율,좌석수,좌석점유율,좌석판매율,매출액,매출액증감(전일대비),관객수,관객수증감(전일대비),누적매출액,누적관객수,순위
0,2018-07-18,2,0.0,3,0.0,424,0.0,0.958,2938000,2938000 ( 100.0% ),406,406 ( 100.0% ),2938000,406,22
1,2018-07-24,10,0.002,14,0.001,3668,0.001,0.993,32247000,32247000 ( 100.0% ),3644,3644 ( 100.0% ),35185000,4050,10
2,2018-07-26,42,0.008,42,0.002,7897,0.003,0.966,68400100,68400100 ( 100.0% ),7629,7629 ( 100.0% ),103585100,11679,7
3,2018-07-27,1,0.0,1,0.0,34,0.0,1.0,374000,-68026100 ( -99.5% ),34,-7595 ( -99.6% ),103959100,11713,57
4,2018-07-30,14,0.003,15,0.001,4061,0.001,0.986,36423000,36423000 ( 100.0% ),4005,4005 ( 100.0% ),140382100,15718,8
5,2018-07-31,22,0.004,24,0.001,6065,0.002,0.994,48996000,12573000 ( 34.5% ),6031,2026 ( 50.6% ),189378100,21749,8
6,2018-08-01,1967,0.359,9825,0.533,1742278,0.604,0.716,9684810000,9635814000 ( 19666.5% ),1246603,1240572 ( 20569.9% ),9874188100,1268352,1
7,2018-08-02,2054,0.368,10079,0.544,1772123,0.612,0.608,8458786450,-1226023550 ( -12.7% ),1078012,-168591 ( -13.5% ),18332974550,2346364,1
8,2018-08-03,2126,0.386,10543,0.566,1849070,0.636,0.583,9384731499,925945049 ( 10.9% ),1078478,466 ( 0.0% ),27717706049,3424842,1
9,2018-08-04,2235,0.395,11159,0.59,1938146,0.656,0.757,12779805288,3395073789 ( 36.2% ),1466225,387747 ( 36.0% ),40497511337,4891067,1
10,2018-08-05,2217,0.393,10992,0.59,1914457,0.658,0.68,11361976500,-1417828788 ( -11.1% ),1302687,-163538 ( -11.2% ),51859487837,6193754,1
11,2018-08-06,2087,0.407,10550,0.59,1851230,0.66,0.34,4990976600,-6370999900 ( -56.1% ),629793,-672894 ( -51.7% ),56850464437,6823547,1
12,2018-08-07,2097,0.399,10455,0.586,1834413,0.656,0.281,4056513200,-934463400 ( -18.7% ),515945,-113848 ( -18.1% ),60906977637,7339492,1
13,2018-08-08,1457,0.26,6813,0.367,1260161,0.433,0.314,3125803000,-930710200 ( -22.9% ),395474,-120471 ( -23.3% ),64032780637,7734966,1
14,2018-08-09,1418,0.246,6526,0.349,1210554,0.413,0.269,2577443500,-548359500 ( -17.5% ),325130,-70344 ( -17.8% ),66610224137,8060096,1
15,2018-08-10,1380,0.236,6377,0.336,1177633,0.396,0.303,3132666948,555223448 ( 21.5% ),356267,31137 ( 9.6% ),69742891085,8416363,1
16,2018-08-11,1373,0.23,6396,0.33,1163861,0.383,0.554,5709067964,2576401016 ( 82.2% ),644582,288315 ( 80.9% ),75451959049,9060945,1
17,2018-08-12,1341,0.226,6144,0.323,1119489,0.376,0.509,5026333700,-682734264 ( -12.0% ),570284,-74298 ( -11.5% ),80478292749,9631229,1
18,2018-08-13,1252,0.227,5786,0.316,1027878,0.358,0.223,1822130700,-3204203000 ( -63.7% ),228960,-341324 ( -59.9% ),82300423449,9860189,2
19,2018-08-14,1266,0.217,5794,0.311,1025038,0.351,0.255,2089100400,266969700 ( 14.7% ),261662,32702 ( 14.3% ),84389523849,10121851,2
20,2018-08-15,1108,0.164,4227,0.214,747308,0.242,0.558,3637360500,1548260100 ( 74.1% ),417019,155357 ( 59.4% ),88026884349,10538870,2
21,2018-08-16,1031,0.16,3949,0.209,682219,0.23,0.206,1112884000,-2524476500 ( -69.4% ),140422,-276597 ( -66.3% ),89139768349,10679292,3
22,2018-08-17,1000,0.155,3900,0.204,670269,0.224,0.212,1251639564,138755564 ( 12.5% ),141793,1371 ( 1.0% ),90391407913,10821085,3
23,2018-08-18,999,0.148,3892,0.197,652284,0.21,0.411,2380609096,1128969532 ( 90.2% ),268266,126473 ( 89.2% ),92772017009,11089351,3
24,2018-08-19,992,0.149,3727,0.192,625890,0.206,0.368,2040412600,-340196496 ( -14.3% ),230492,-37774 ( -14.1% ),94812429609,11319843,3
25,2018-08-20,942,0.155,3532,0.195,578926,0.203,0.143,662716400,-1377696200 ( -67.5% ),82706,-147786 ( -64.1% ),95475146009,11402549,3
26,2018-08-21,956,0.154,3520,0.195,574060,0.201,0.136,609501200,-53215200 ( -8.0% ),77873,-4833 ( -5.8% ),96084647209,11480422,3
27,2018-08-22,737,0.129,2491,0.135,380373,0.131,0.165,487097000,-122404200 ( -20.1% ),62694,-15179 ( -19.5% ),96571744209,11543116,4
28,2018-08-23,704,0.121,2262,0.127,338139,0.12,0.142,378157100,-108939900 ( -22.4% ),48148,-14546 ( -23.2% ),96949901309,11591264,4
29,2018-08-24,718,0.118,2350,0.126,347106,0.117,0.185,570284300,192127200 ( 50.8% ),64192,16044 ( 33.3% ),97520185609,11655456,4
30,2018-08-25,735,0.114,2495,0.126,375166,0.12,0.317,1050992200,480707900 ( 84.3% ),118886,54694 ( 85.2% ),98571177809,11774342,4
31,2018-08-26,726,0.115,2422,0.126,364819,0.12,0.294,947321800,-103670400 ( -9.9% ),107231,-11655 ( -9.8% ),99518499609,11881573,4
32,2018-08-27,688,0.125,2325,0.131,345918,0.122,0.108,293460000,-653861800 ( -69.0% ),37465,-69766 ( -65.1% ),99811959609,11919038,3
33,2018-08-28,697,0.125,2282,0.13,337372,0.12,0.103,269936800,-23523200 ( -8.0% ),34852,-2613 ( -7.0% ),100081896409,11953890,4
34,2018-08-29,551,0.093,1405,0.076,188803,0.064,0.194,225259800,-44677000 ( -16.6% ),36540,1688 ( 4.8% ),100307156209,11990430,5
35,2018-08-30,550,0.093,1423,0.077,188669,0.064,0.125,181822100,-43437700 ( -19.3% ),23582,-12958 ( -35.5% ),100488978309,12014012,5
36,2018-08-31,536,0.089,1393,0.074,182361,0.06,0.162,253461000,71638900 ( 39.4% ),29530,5948 ( 25.2% ),100742439309,12043542,4
37,2018-09-01,534,0.083,1390,0.07,185380,0.059,0.223,362155550,108694550 ( 42.9% ),41303,11773 ( 39.9% ),101104594859,12084845,4
38,2018-09-02,527,0.082,1350,0.07,179950,0.059,0.243,385820400,23664850 ( 6.5% ),43763,2460 ( 6.0% ),101490415259,12128608,4
39,2018-09-03,532,0.095,1326,0.075,172557,0.061,0.087,117852200,-267968200 ( -69.5% ),15027,-28736 ( -65.7% ),101608267459,12143635,4
40,2018-09-04,534,0.092,1314,0.074,169431,0.06,0.08,105531800,-12320400 ( -10.5% ),13534,-1493 ( -9.9% ),101713799259,12157169,4
41,2018-09-05,521,0.093,1271,0.072,163895,0.058,0.074,95003350,-10528450 ( -10.0% ),12190,-1344 ( -9.9% ),101808802609,12169359,4
42,2018-09-06,421,0.073,931,0.053,116406,0.041,0.075,68356950,-26646400 ( -28.0% ),8754,-3436 ( -28.2% ),101877159559,12178113,5
43,2018-09-07,418,0.069,943,0.051,116852,0.039,0.091,93380550,25023600 ( 36.6% ),10657,1903 ( 21.7% ),101970540109,12188770,5
44,2018-09-08,449,0.068,977,0.05,122586,0.039,0.161,176691500,83310950 ( 89.2% ),19696,9039 ( 84.8% ),102147231609,12208466,5
45,2018-09-09,446,0.068,972,0.05,122296,0.04,0.187,169302000,-7389500 ( -4.2% ),22919,3223 ( 16.4% ),102316533609,12231385,5
46,2018-09-10,432,0.077,919,0.054,115225,0.042,0.058,51306250,-117995750 ( -69.7% ),6709,-16210 ( -70.7% ),102367839859,12238094,5
47,2018-09-11,414,0.072,879,0.052,111531,0.04,0.059,49416250,-1890000 ( -3.7% ),6574,-135 ( -2.0% ),102417256109,12244668,5
48,2018-09-12,213,0.042,302,0.016,35323,0.012,0.08,21017750,-28398500 ( -57.5% ),2827,-3747 ( -57.0% ),102438273859,12247495,9
49,2018-09-13,206,0.039,303,0.016,35082,0.012,0.078,20439350,-578400 ( -2.8% ),2723,-104 ( -3.7% ),102458713209,12250218,12
50,2018-09-14,208,0.039,311,0.016,36214,0.012,0.09,27303700,6864350 ( 33.6% ),3272,549 ( 20.2% ),102486016909,12253490,9
51,2018-09-15,220,0.039,335,0.016,38618,0.012,0.15,51874650,24570950 ( 90.0% ),5784,2512 ( 76.8% ),102537891559,12259274,8
52,2018-09-16,223,0.04,341,0.017,39243,0.012,0.141,50096150,-1778500 ( -3.4% ),5539,-245 ( -4.2% ),102587987709,12264813,7
53,2018-09-17,213,0.043,337,0.019,40203,0.014,0.055,16929850,-33166300 ( -66.2% ),2192,-3347 ( -60.4% ),102604917559,12267005,11
54,2018-09-18,217,0.043,336,0.02,40573,0.015,0.054,16506050,-423800 ( -2.5% ),2202,10 ( 0.5% ),102621423609,12269207,11
55,2018-09-19,10,0.002,13,0.001,1299,0.0,0.169,1362500,-15143550 ( -91.7% ),220,-1982 ( -90.0% ),102622786109,12269427,21
56,2018-09-20,10,0.002,12,0.001,1306,0.0,0.169,1521200,158700 ( 11.6% ),221,1 ( 0.5% ),102624307309,12269648,25
57,2018-09-21,12,0.002,15,0.001,1574,0.001,0.208,2317600,796400 ( 52.4% ),327,106 ( 48.0% ),102626624909,12269975,20
58,2018-09-22,11,0.002,12,0.001,1154,0.0,0.18,1909700,-407900 ( -17.6% ),208,-119 ( -36.4% ),102628534609,12270183,25
59,2018-09-23,11,0.002,11,0.001,1092,0.0,0.228,2283800,374100 ( 19.6% ),249,41 ( 19.7% ),102630818409,12270432,22
60,2018-09-24,10,0.002,10,0.0,1043,0.0,0.209,1958600,-325200 ( -14.2% ),218,-31 ( -12.4% ),102632777009,12270650,25
61,2018-09-25,11,0.002,13,0.001,1280,0.0,0.24,2745900,787300 ( 40.2% ),307,89 ( 40.8% ),102635522909,12270957,21
62,2018-09-26,10,0.002,11,0.001,1333,0.0,0.15,1530700,-1215200 ( -44.3% ),200,-107 ( -34.9% ),102637053609,12271157,29
63,2018-09-27,27,0.005,32,0.002,3541,0.001,0.069,1913300,382600 ( 25.0% ),244,44 ( 22.0% ),102638966909,12271401,26
64,2018-09-28,29,0.005,34,0.002,3874,0.001,0.059,1977000,63700 ( 3.3% ),227,-17 ( -7.0% ),102640943909,12271628,28
65,2018-09-29,25,0.004,28,0.001,3305,0.001,0.081,2328300,351300 ( 17.8% ),268,41 ( 18.1% ),102643272209,12271896,26
66,2018-09-30,24,0.004,26,0.001,3222,0.001,0.1,2738000,409700 ( 17.6% ),323,55 ( 20.5% ),102646010209,12272219,25
67,2018-10-01,17,0.004,20,0.001,2434,0.001,0.038,690300,-2047700 ( -74.8% ),93,-230 ( -71.2% ),102646700509,12272312,39
68,2018-10-02,19,0.004,22,0.001,2388,0.001,0.042,783400,93100 ( 13.5% ),100,7 ( 7.5% ),102647483909,12272412,45
69,2018-10-03,1,0.0,1,0.0,226,0.0,0.102,181000,-602400 ( -76.9% ),23,-77 ( -77.0% ),102647664909,12272435,61
70,2018-10-04,1,0.0,1,0.0,104,0.0,0.019,16000,-165000 ( -91.2% ),2,-21 ( -91.3% ),102647680909,12272437,77
71,2018-10-05,1,0.0,1,0.0,121,0.0,0.215,132000,116000 ( 725.0% ),26,24 ( 1200.0% ),102647812909,12272463,57
72,2018-10-06,1,0.0,1,0.0,124,0.0,1.0,744000,612000 ( 463.6% ),124,98 ( 376.9% ),102648556909,12272587,31
73,2018-10-10,3,0.001,3,0.0,391,0.0,0.386,1047000,1047000 ( 100.0% ),151,151 ( 100.0% ),102649603909,12272738,30
74,2018-10-11,1,0.0,1,0.0,114,0.0,0.035,20000,-1027000 ( -98.1% ),4,-147 ( -97.4% ),102649623909,12272742,78
75,2018-10-12,1,0.0,1,0.0,114,0.0,0.009,5000,-15000 ( -75.0% ),1,-3 ( -75.0% ),102649628909,12272743,90
76,2018-10-13,2,0.0,2,0.0,218,0.0,0.037,40000,35000 ( 700.0% ),8,7 ( 700.0% ),102649668909,12272751,71
77,2018-10-14,2,0.0,2,0.0,218,0.0,0.018,20000,-20000 ( -50.0% ),4,-4 ( -50.0% ),102649688909,12272755,76
78,2018-10-15,2,0.0,2,0.0,218,0.0,0.028,30000,10000 ( 50.0% ),6,2 ( 50.0% ),102649718909,12272761,74
79,2018-10-16,2,0.0,2,0.0,218,0.0,0.018,20000,-10000 ( -33.3% ),4,-2 ( -33.3% ),102649738909,12272765,81
